     1     23     14      0
     1     27     14      0
     1     31     16      0
     1     40     26      0
     1     48     33      0
     1     52     33      0
     1     56     25      0
     1     60     22      0
     1     63     22      0
     1     65     23      0
     1     67     26      0
     1     68     33      0
     1     65     36      0
     1     60     37      0
     1     54     36      0
     1     52     37      0
     1     49     43      0
     1     41     51      0
     1     36     53      0
     1     32     53      0
     1     27     51      0
     1     20     44      0
     1     16     36      0
     1     16     22      0
     1     17     21      0
     1     17     19      0
     1     21     15      0
     1     23     14      0
     2    115     21      0
     2    119     22      0
     2    123     25      0
     2    126     30      0
     2    127     33      0
     2    125     36      0
     2    121     39      0
     2    114     40      0
     2    111     38      0
     2    107     33      0
     2    108     26      0
     2    111     23      0
     2    115     21      0
     3    245     27      0
     3    247     27      0
     3    250     30      0
     3    251     31      0
     3    255     41      0
     3    259     51      0
     3    264     58      0
     3    264     64      0
     3    261     68      0
     3    257     70      0
     3    253     70      0
     3    249     67      0
     3    246     62      0
     3    246     57      0
     3    245     53      0
     3    238     45      0
     3    235     39      0
     3    236     33      0
     3    239     29      0
     3    245     26      0
     4    337     31      0
     4    342     32      0
     4    345     36      0
     4    346     43      0
     4    350     50      0
     4    353     55      0
     4    350     62      0
     4    342     72      0
     4    342     80      0
     4    338     83      0
     4    335     84      0
     4    334     84      0
     4    330     84      0
     4    330     81      0
     4    334     75      0
     4    334     70      0
     4    331     58      0
     4    326     55      0
     4    316     56      0
     4    312     53      0
     4    312     48      0
     4    320     42      0
     4    324     37      0
     4    330     34      0
     4    337     31      0
     5    188     40      0
     5    191     41      0
     5    195     44      0
     5    197     48      0
     5    201     58      0
     5    197     61      0
     5    191     62      0
     5    189     61      0
     5    184     57      0
     5    181     51      0
     5    181     45      0
     5    184     42      0
     5    188     40      0
     6    139     42      0
     6    142     42      0
     6    149     48      0
     6    152     49      0
     6    156     48      0
     6    160     50      0
     6    162     55      0
     6    161     61      0
     6    158     65      0
     6    156     66      0
     6    143     71      0
     6    138     72      0
     6    131     68      0
     6    130     63      0
     6    135     53      0
     6    134     48      0
     6    136     44      0
     6    139     42      0
     7    214     49      0
     7    220     49      0
     7    224     51      0
     7    229     56      0
     7    231     60      0
     7    232     71      0
     7    231     72      0
     7    231     76      0
     7    229     80      0
     7    224     84      0
     7    220     85      0
     7    210     79      0
     7    207     75      0
     7    206     68      0
     7    204     59      0
     7    209     53      0
     7    214     49      0
     8    112     63      0
     8    113     63      0
     8    117     66      0
     8    120     70      0
     8    119     76      0
     8    115     81      0
     8    112     83      0
     8    104     84      0
     8    100     79      0
     8    100     71      0
     8    102     68      0
     8    106     65      0
     8    110     64      0
     8    112     63      0
     9    394     66      0
     9    398     67      0
     9    401     71      0
     9    402     75      0
     9    399     80      0
     9    398     84      0
     9    399     86      0
     9    400     94      0
     9    397     98      0
     9    387    105      0
     9    381    108      0
     9    376    107      0
     9    373    104      0
     9    373     94      0
     9    375     90      0
     9    379     84      0
     9    386     79      0
     9    388     76      0
     9    388     72      0
     9    389     70      0
     9    394     66      0
    10    177     71      0
    10    178     71      0
    10    181     72      0
    10    182     75      0
    10    179     78      0
    10    176     79      0
    10    176     74      0
    10    177     71      0
    11    148     78      0
    11    149     78      0
    11    154     79      0
    11    163     85      0
    11    168     85      0
    11    169     86      0
    11    169     89      0
    11    167     90      0
    11    163     91      0
    11    162     90      0
    11    150     91      0
    11    146     89      0
    11    144     84      0
    11    145     80      0
    11    148     78      0
    12    266     84      0
    12    267     84      0
    12    270     87      0
    12    273     93      0
    12    274     98      0
    12    275    101      0
    12    279    104      0
    12    282    108      0
    12    283    115      0
    12    280    118      0
    12    275    120      0
    12    271    118      0
    12    268    113      0
    12    267    107      0
    12    266    104      0
    12    262    101      0
    12    260     97      0
    12    260     89      0
    12    262     85      0
    12    266     83      0
    13     78     89      0
    13     81     89      0
    13     82     90      0
    13     90     92      0
    13     96     90      0
    13    105     95      0
    13    109     98      0
    13    110    103      0
    13    108    107      0
    13    101    114      0
    13    101    118      0
    13    104    123      0
    13    105    127      0
    13    104    129      0
    13    100    133      0
    13     97    137      0
    13    100    145      0
    13    100    149      0
    13     97    153      0
    13     91    155      0
    13     85    152      0
    13     82    148      0
    13     82    144      0
    13     83    142      0
    13     89    137      0
    13     89    134      0
    13     86    132      0
    13     80    129      0
    13     73    134      0
    13     68    135      0
    13     63    135      0
    13     61    136      0
    13     57    139      0
    13     53    141      0
    13     48    142      0
    13     46    140      0
    13     41    135      0
    13     39    135      0
    13     34    136      0
    13     27    137      0
    13     25    136      0
    13     23    134      0
    13     23    128      0
    13     24    126      0
    13     32    115      0
    13     35    115      0
    13     43    126      0
    13     55    126      0
    13     59    121      0
    13     59    114      0
    13     58    113      0
    13     59    110      0
    13     61    110      0
    13     64    113      0
    13     70    113      0
    13     74    107      0
    13     73     93      0
    13     78     89      0
    14    314     93      0
    14    315     93      0
    14    318     97      0
    14    322     98      0
    14    326     98      0
    14    331    102      0
    14    334    109      0
    14    332    113      0
    14    328    116      0
    14    321    117      0
    14    320    116      0
    14    316    111      0
    14    316    103      0
    14    317    102      0
    14    317     98      0
    14    313     95      0
    14    314     93      0
    15    426     93      0
    15    433     95      0
    15    436     97      0
    15    437     99      0
    15    433    103      0
    15    426    104      0
    15    423    100      0
    15    423     95      0
    15    426     93      0
    16     44    102      0
    16     45    102      0
    16     47    103      0
    16     49    105      0
    16     47    107      0
    16     44    108      0
    16     42    106      0
    16     42    104      0
    16     44    102      0
    17    174    127      0
    17    180    128      0
    17    183    131      0
    17    185    135      0
    17    183    141      0
    17    178    144      0
    17    172    143      0
    17    167    137      0
    17    167    133      0
    17    171    128      0
    17    174    127      0
    18    214    127      0
    18    221    127      0
    18    222    128      0
    18    224    129      0
    18    227    135      0
    18    228    139      0
    18    229    142      0
    18    230    143      0
    18    240    149      0
    18    243    147      0
    18    244    142      0
    18    248    137      0
    18    252    136      0
    18    255    135      0
    18    265    135      0
    18    268    139      0
    18    269    143      0
    18    265    150      0
    18    260    154      0
    18    257    155      0
    18    253    156      0
    18    246    153      0
    18    242    152      0
    18    241    153      0
    18    240    157      0
    18    235    167      0
    18    235    170      0
    18    239    180      0
    18    240    188      0
    18    239    192      0
    18    236    197      0
    18    234    199      0
    18    228    202      0
    18    223    201      0
    18    221    198      0
    18    221    194      0
    18    220    193      0
    18    220    179      0
    18    218    178      0
    18    217    178      0
    18    209    180      0
    18    208    179      0
    18    205    179      0
    18    202    177      0
    18    195    176      0
    18    194    173      0
    18    199    169      0
    18    201    166      0
    18    201    158      0
    18    200    154      0
    18    199    148      0
    18    202    142      0
    18    207    138      0
    18    210    130      0
    18    214    127      0
    19    426    133      0
    19    431    133      0
    19    433    134      0
    19    434    136      0
    19    435    141      0
    19    433    144      0
    19    428    145      0
    19    426    144      0
    19    423    139      0
    19    424    135      0
    19    426    133      0
    20    309    142      0
    20    311    142      0
    20    315    144      0
    20    323    151      0
    20    325    151      0
    20    327    150      0
    20    335    148      0
    20    333    151      0
    20    333    153      0
    20    336    162      0
    20    337    166      0
    20    335    172      0
    20    334    177      0
    20    335    184      0
    20    335    189      0
    20    334    192      0
    20    329    196      0
    20    325    197      0
    20    321    193      0
    20    320    186      0
    20    321    185      0
    20    322    175      0
    20    322    174      0
    20    320    171      0
    20    319    162      0
    20    317    160      0
    20    315    160      0
    20    314    160      0
    20    304    161      0
    20    301    159      0
    20    298    153      0
    20    301    146      0
    20    309    142      0
    21    150    155      0
    21    151    155      0
    21    155    158      0
    21    160    167      0
    21    163    170      0
    21    169    170      0
    21    173    171      0
    21    178    175      0
    21    181    179      0
    21    186    188      0
    21    187    194      0
    21    186    195      0
    21    186    199      0
    21    186    201      0
    21    188    201      0
    21    191    195      0
    21    192    195      0
    21    194    193      0
    21    198    193      0
    21    200    194      0
    21    202    198      0
    21    202    204      0
    21    197    213      0
    21    194    215      0
    21    190    216      0
    21    187    217      0
    21    186    219      0
    21    182    231      0
    21    177    237      0
    21    174    238      0
    21    170    237      0
    21    167    235      0
    21    165    228      0
    21    166    227      0
    21    166    218      0
    21    163    216      0
    21    155    207      0
    21    155    203      0
    21    161    195      0
    21    161    191      0
    21    159    186      0
    21    145    173      0
    21    143    169      0
    21    143    164      0
    21    145    159      0
    21    150    155      0
    22    459    157      0
    22    460    157      0
    22    464    161      0
    22    467    165      0
    22    468    168      0
    22    467    169      0
    22    462    172      0
    22    458    175      0
    22    456    179      0
    22    451    184      0
    22    444    186      0
    22    439    187      0
    22    436    188      0
    22    431    192      0
    22    426    195      0
    22    425    190      0
    22    421    186      0
    22    416    183      0
    22    416    180      0
    22    424    179      0
    22    427    178      0
    22    439    169      0
    22    448    166      0
    22    458    156      0
    22    459    156      0
    23    261    162      0
    23    264    162      0
    23    268    165      0
    23    272    170      0
    23    272    173      0
    23    267    176      0
    23    261    177      0
    23    257    173      0
    23    257    166      0
    23    261    162      0
    24    104    172      0
    24    114    172      0
    24    118    173      0
    24    121    177      0
    24    122    179      0
    24    121    183      0
    24    118    185      0
    24    112    186      0
    24    110    185      0
    24    104    179      0
    24    102    174      0
    24    104    172      0
    25    391    175      0
    25    394    175      0
    25    397    178      0
    25    400    182      0
    25    401    188      0
    25    401    190      0
    25    402    194      0
    25    402    196      0
    25    403    199      0
    25    405    204      0
    25    407    208      0
    25    410    208      0
    25    414    205      0
    25    416    205      0
    25    419    204      0
    25    423    206      0
    25    425    210      0
    25    426    215      0
    25    425    216      0
    25    424    218      0
    25    422    219      0
    25    417    220      0
    25    410    215      0
    25    408    214      0
    25    404    218      0
    25    399    222      0
    25    392    223      0
    25    391    222      0
    25    385    220      0
    25    381    217      0
    25    380    213      0
    25    380    202      0
    25    381    201      0
    25    381    195      0
    25    378    185      0
    25    379    180      0
    25    383    176      0
    25    391    174      0
    26     49    175      0
    26     53    176      0
    26     57    178      0
    26     60    184      0
    26     61    189      0
    26     65    199      0
    26     66    206      0
    26     65    207      0
    26     64    213      0
    26     61    217      0
    26     56    221      0
    26     51    223      0
    26     49    221      0
    26     47    216      0
    26     44    210      0
    26     45    197      0
    26     40    190      0
    26     40    183      0
    26     43    178      0
    26     49    175      0
    27    295    190      0
    27    297    191      0
    27    297    193      0
    27    294    194      0
    27    292    192      0
    27    295    189      0
    28     25    190      0
    28     30    190      0
    28     34    192      0
    28     37    198      0
    28     38    205      0
    28     35    209      0
    28     31    212      0
    28     30    212      0
    28     23    210      0
    28     20    205      0
    28     19    198      0
    28     22    192      0
    28     25    190      0
    29    345    191      0
    29    349    192      0
    29    352    195      0
    29    355    199      0
    29    361    206      0
    29    364    212      0
    29    365    218      0
    29    368    222      0
    29    370    223      0
    29    381    223      0
    29    385    228      0
    29    386    231      0
    29    383    236      0
    29    375    241      0
    29    373    247      0
    29    369    249      0
    29    364    250      0
    29    363    251      0
    29    360    261      0
    29    351    272      0
    29    348    282      0
    29    344    285      0
    29    339    286      0
    29    335    282      0
    29    335    277      0
    29    337    272      0
    29    337    266      0
    29    336    263      0
    29    335    254      0
    29    338    249      0
    29    340    242      0
    29    344    234      0
    29    344    230      0
    29    340    226      0
    29    340    219      0
    29    346    212      0
    29    346    207      0
    29    342    204      0
    29    340    200      0
    29    340    195      0
    29    345    191      0
    30     96    193      0
    30    102    193      0
    30    105    196      0
    30    110    203      0
    30    114    211      0
    30    113    215      0
    30    108    220      0
    30    104    222      0
    30     98    223      0
    30     93    220      0
    30     87    208      0
    30     88    201      0
    30     91    197      0
    30     96    193      0
    31    476    193      0
    31    479    193      0
    31    480    194      0
    31    481    196      0
    31    478    199      0
    31    475    199      0
    31    474    196      0
    31    476    193      0
    32    486    215      0
    32    490    215      0
    32    494    220      0
    32    493    224      0
    32    491    225      0
    32    486    226      0
    32    483    223      0
    32    483    218      0
    32    486    215      0
    33    124    217      0
    33    129    217      0
    33    131    218      0
    33    135    223      0
    33    136    228      0
    33    135    233      0
    33    132    235      0
    33    127    236      0
    33    123    234      0
    33    120    228      0
    33    121    220      0
    33    124    217      0
    34     72    218      0
    34     74    218      0
    34     78    220      0
    34     81    226      0
    34     80    232      0
    34     74    237      0
    34     67    238      0
    34     65    234      0
    34     65    223      0
    34     69    219      0
    34     72    218      0
    35    302    218      0
    35    308    219      0
    35    315    224      0
    35    318    230      0
    35    318    234      0
    35    316    236      0
    35    301    243      0
    35    297    242      0
    35    295    239      0
    35    295    232      0
    35    296    231      0
    35    297    223      0
    35    298    221      0
    35    302    218      0
    36    247    219      0
    36    249    219      0
    36    257    223      0
    36    261    228      0
    36    262    233      0
    36    255    241      0
    36    255    250      0
    36    253    255      0
    36    250    257      0
    36    246    258      0
    36    242    256      0
    36    239    251      0
    36    239    242      0
    36    237    235      0
    36    237    229      0
    36    241    222      0
    36    247    219      0
    37    465    233      0
    37    468    233      0
    37    470    234      0
    37    474    237      0
    37    477    245      0
    37    476    247      0
    37    477    252      0
    37    481    258      0
    37    481    263      0
    37    479    266      0
    37    459    276      0
    37    453    280      0
    37    449    281      0
    37    447    280      0
    37    447    274      0
    37    452    267      0
    37    452    259      0
    37    449    259      0
    37    443    261      0
    37    432    265      0
    37    428    264      0
    37    428    262      0
    37    427    261      0
    37    427    252      0
    37    428    250      0
    37    432    246      0
    37    438    245      0
    37    442    246      0
    37    447    249      0
    37    451    250      0
    37    454    248      0
    37    457    240      0
    37    461    235      0
    37    465    233      0
    38    393    240      0
    38    398    240      0
    38    400    242      0
    38    401    242      0
    38    404    247      0
    38    405    249      0
    38    405    251      0
    38    404    256      0
    38    402    258      0
    38    400    259      0
    38    399    259      0
    38    390    256      0
    38    387    250      0
    38    389    243      0
    38    393    240      0
    39    220    246      0
    39    224    247      0
    39    227    252      0
    39    229    257      0
    39    229    259      0
    39    230    264      0
    39    227    271      0
    39    218    279      0
    39    211    280      0
    39    202    275      0
    39    198    275      0
    39    197    276      0
    39    195    281      0
    39    191    285      0
    39    187    287      0
    39    181    287      0
    39    180    287      0
    39    179    288      0
    39    179    290      0
    39    182    294      0
    39    193    300      0
    39    197    305      0
    39    198    314      0
    39    205    318      0
    39    209    319      0
    39    211    317      0
    39    211    316      0
    39    213    311      0
    39    217    308      0
    39    223    308      0
    39    228    313      0
    39    230    318      0
    39    230    320      0
    39    231    325      0
    39    231    327      0
    39    232    334      0
    39    232    340      0
    39    226    345      0
    39    219    346      0
    39    214    343      0
    39    210    343      0
    39    203    346      0
    39    197    350      0
    39    195    357      0
    39    191    360      0
    39    184    362      0
    39    181    366      0
    39    181    369      0
    39    182    374      0
    39    183    385      0
    39    183    387      0
    39    191    388      0
    39    195    391      0
    39    198    397      0
    39    199    403      0
    39    201    410      0
    39    201    412      0
    39    202    418      0
    39    200    422      0
    39    197    425      0
    39    191    427      0
    39    179    421      0
    39    170    421      0
    39    167    419      0
    39    164    414      0
    39    165    400      0
    39    164    400      0
    39    158    397      0
    39    154    392      0
    39    154    387      0
    39    155    385      0
    39    157    379      0
    39    156    378      0
    39    156    370      0
    39    157    368      0
    39    164    361      0
    39    172    354      0
    39    176    346      0
    39    177    346      0
    39    181    342      0
    39    181    333      0
    39    183    329      0
    39    183    323      0
    39    177    321      0
    39    174    318      0
    39    171    311      0
    39    164    306      0
    39    164    302      0
    39    157    289      0
    39    157    281      0
    39    158    280      0
    39    158    277      0
    39    162    272      0
    39    165    267      0
    39    169    254      0
    39    172    253      0
    39    177    258      0
    39    180    261      0
    39    191    261      0
    39    199    265      0
    39    203    264      0
    39    208    260      0
    39    208    258      0
    39    210    250      0
    39    215    246      0
    39    217    246      0
    39    220    245      0
    40    295    247      0
    40    297    247      0
    40    300    249      0
    40    304    257      0
    40    305    276      0
    40    304    277      0
    40    304    279      0
    40    302    284      0
    40    297    288      0
    40    288    289      0
    40    286    288      0
    40    282    284      0
    40    281    279      0
    40    280    278      0
    40    281    276      0
    40    281    272      0
    40    282    271      0
    40    282    263      0
    40    281    262      0
    40    281    256      0
    40    284    252      0
    40    289    249      0
    40    293    248      0
    40    295    247      0
    41     50    254      0
    41     55    254      0
    41     61    257      0
    41     67    255      0
    41     73    254      0
    41     77    258      0
    41     78    263      0
    41     75    268      0
    41     71    270      0
    41     62    267      0
    41     52    268      0
    41     50    266      0
    41     46    262      0
    41     46    258      0
    41     50    254      0
    42    115    259      0
    42    117    260      0
    42    120    260      0
    42    124    264      0
    42    126    269      0
    42    123    275      0
    42    120    277      0
    42    113    278      0
    42    109    275      0
    42    106    269      0
    42    107    264      0
    42    111    260      0
    42    113    260      0
    42    115    259      0
    43    491    280      0
    43    496    280      0
    43    498    282      0
    43    502    288      0
    43    503    296      0
    43    502    297      0
    43    501    301      0
    43    498    305      0
    43    493    306      0
    43    488    302      0
    43    484    295      0
    43    484    288      0
    43    485    287      0
    43    487    283      0
    43    491    280      0
    44     73    285      0
    44     77    285      0
    44     81    290      0
    44     82    293      0
    44     83    297      0
    44     90    296      0
    44     91    295      0
    44     97    295      0
    44    103    292      0
    44    107    292      0
    44    114    297      0
    44    118    297      0
    44    124    300      0
    44    129    306      0
    44    134    310      0
    44    139    317      0
    44    141    322      0
    44    139    326      0
    44    136    328      0
    44    129    329      0
    44    125    327      0
    44    120    327      0
    44    117    328      0
    44    117    331      0
    44    118    334      0
    44    115    337      0
    44    112    337      0
    44    109    335      0
    44    110    333      0
    44    115    329      0
    44    115    327      0
    44    114    326      0
    44    104    310      0
    44    101    307      0
    44     99    307      0
    44     94    309      0
    44     89    310      0
    44     86    308      0
    44     82    307      0
    44     75    310      0
    44     69    310      0
    44     62    305      0
    44     57    305      0
    44     52    307      0
    44     46    306      0
    44     42    301      0
    44     42    294      0
    44     43    292      0
    44     48    288      0
    44     51    288      0
    44     54    290      0
    44     58    295      0
    44     60    296      0
    44     63    296      0
    44     73    285      0
    45    442    290      0
    45    444    290      0
    45    448    294      0
    45    447    298      0
    45    443    301      0
    45    439    300      0
    45    437    297      0
    45    438    293      0
    45    442    290      0
    46    423    294      0
    46    427    294      0
    46    429    295      0
    46    431    298      0
    46    428    303      0
    46    423    304      0
    46    420    301      0
    46    420    297      0
    46    423    294      0
    47    298    306      0
    47    303    306      0
    47    308    309      0
    47    311    315      0
    47    314    323      0
    47    314    325      0
    47    314    330      0
    47    310    334      0
    47    302    339      0
    47    300    346      0
    47    300    355      0
    47    299    356      0
    47    299    358      0
    47    297    360      0
    47    292    363      0
    47    287    359      0
    47    287    347      0
    47    288    346      0
    47    288    341      0
    47    293    336      0
    47    293    334      0
    47    292    333      0
    47    284    324      0
    47    284    319      0
    47    294    308      0
    47    298    306      0
    48    152    307      0
    48    157    307      0
    48    160    309      0
    48    161    312      0
    48    157    317      0
    48    152    318      0
    48    149    315      0
    48    149    310      0
    48    152    307      0
    49    470    309      0
    49    475    309      0
    49    477    310      0
    49    478    312      0
    49    481    319      0
    49    483    321      0
    49    491    321      0
    49    495    323      0
    49    498    327      0
    49    499    331      0
    49    495    337      0
    49    491    339      0
    49    486    340      0
    49    484    338      0
    49    480    331      0
    49    476    328      0
    49    469    326      0
    49    464    321      0
    49    463    315      0
    49    462    314      0
    49    464    310      0
    49    467    310      0
    49    470    309      0
    50    260    310      0
    50    262    310      0
    50    265    312      0
    50    269    317      0
    50    270    321      0
    50    266    324      0
    50    260    325      0
    50    256    321      0
    50    255    315      0
    50    256    313      0
    50    260    310      0
    51    438    326      0
    51    442    327      0
    51    445    329      0
    51    447    335      0
    51    450    338      0
    51    456    336      0
    51    461    336      0
    51    465    338      0
    51    468    344      0
    51    473    363      0
    51    475    368      0
    51    478    368      0
    51    482    366      0
    51    487    366      0
    51    490    371      0
    51    490    374      0
    51    486    377      0
    51    481    378      0
    51    477    375      0
    51    474    375      0
    51    472    376      0
    51    468    383      0
    51    466    384      0
    51    462    388      0
    51    462    403      0
    51    463    407      0
    51    465    411      0
    51    464    417      0
    51    460    422      0
    51    456    424      0
    51    452    427      0
    51    452    428      0
    51    451    430      0
    51    450    446      0
    51    452    450      0
    51    459    452      0
    51    464    454      0
    51    467    458      0
    51    471    469      0
    51    469    469      0
    51    456    472      0
    51    450    475      0
    51    446    476      0
    51    442    475      0
    51    440    472      0
    51    441    458      0
    51    439    453      0
    51    435    443      0
    51    434    437      0
    51    435    436      0
    51    435    431      0
    51    434    428      0
    51    429    422      0
    51    429    416      0
    51    430    414      0
    51    434    410      0
    51    436    409      0
    51    440    408      0
    51    443    404      0
    51    442    399      0
    51    441    398      0
    51    441    392      0
    51    442    391      0
    51    442    389      0
    51    451    381      0
    51    452    378      0
    51    451    371      0
    51    447    364      0
    51    447    357      0
    51    450    349      0
    51    446    341      0
    51    441    341      0
    51    438    342      0
    51    435    344      0
    51    433    352      0
    51    430    361      0
    51    430    367      0
    51    428    371      0
    51    424    372      0
    51    422    369      0
    51    422    360      0
    51    418    350      0
    51    419    344      0
    51    428    336      0
    51    428    335      0
    51    434    328      0
    51    438    326      0
    52     79    327      0
    52     85    327      0
    52     87    328      0
    52     91    332      0
    52     92    336      0
    52     89    341      0
    52     75    355      0
    52     75    363      0
    52     80    373      0
    52     81    376      0
    52     81    378      0
    52     82    383      0
    52     84    389      0
    52     83    396      0
    52     82    402      0
    52     80    406      0
    52     80    410      0
    52     81    412      0
    52     83    412      0
    52     88    405      0
    52     94    402      0
    52     98    404      0
    52    103    408      0
    52    107    408      0
    52    110    405      0
    52    112    401      0
    52    116    398      0
    52    121    398      0
    52    125    401      0
    52    127    405      0
    52    127    410      0
    52    123    414      0
    52    111    420      0
    52    105    427      0
    52    105    431      0
    52    106    433      0
    52    112    434      0
    52    116    439      0
    52    117    444      0
    52    114    447      0
    52    110    449      0
    52    106    449      0
    52    102    446      0
    52     99    439      0
    52     96    438      0
    52     89    438      0
    52     84    434      0
    52     81    425      0
    52     77    423      0
    52     73    423      0
    52     70    421      0
    52     65    418      0
    52     63    417      0
    52     60    412      0
    52     60    408      0
    52     59    407      0
    52     58    397      0
    52     61    391      0
    52     65    387      0
    52     65    385      0
    52     60    376      0
    52     60    368      0
    52     57    361      0
    52     57    357      0
    52     62    351      0
    52     63    351      0
    52     69    349      0
    52     72    344      0
    52     74    332      0
    52     76    330      0
    52     79    327      0
    53    375    346      0
    53    378    346      0
    53    381    349      0
    53    381    350      0
    53    377    351      0
    53    375    349      0
    53    375    346      0
    54    354    352      0
    54    357    352      0
    54    361    357      0
    54    362    361      0
    54    360    364      0
    54    354    365      0
    54    351    363      0
    54    349    360      0
    54    349    356      0
    54    354    352      0
    55    332    353      0
    55    337    353      0
    55    341    355      0
    55    342    357      0
    55    343    361      0
    55    340    367      0
    55    337    369      0
    55    331    369      0
    55    329    367      0
    55    327    362      0
    55    328    357      0
    55    332    353      0
    56     43    354      0
    56     47    355      0
    56     50    358      0
    56     51    361      0
    56     47    367      0
    56     44    374      0
    56     40    381      0
    56     35    385      0
    56     28    388      0
    56     26    387      0
    56     26    383      0
    56     25    382      0
    56     26    380      0
    56     26    377      0
    56     29    373      0
    56     37    366      0
    56     37    360      0
    56     38    358      0
    56     43    354      0
    57    399    354      0
    57    403    354      0
    57    407    359      0
    57    408    363      0
    57    408    365      0
    57    407    370      0
    57    405    372      0
    57    400    374      0
    57    397    375      0
    57    386    379      0
    57    382    377      0
    57    380    374      0
    57    380    368      0
    57    381    366      0
    57    385    361      0
    57    395    357      0
    57    399    354      0
    58    237    356      0
    58    240    357      0
    58    248    365      0
    58    250    365      0
    58    258    358      0
    58    262    358      0
    58    266    361      0
    58    265    370      0
    58    262    374      0
    58    258    375      0
    58    251    371      0
    58    249    371      0
    58    244    374      0
    58    240    375      0
    58    239    374      0
    58    236    369      0
    58    235    359      0
    58    237    356      0
    59    135    357      0
    59    139    357      0
    59    141    359      0
    59    141    365      0
    59    138    369      0
    59    135    370      0
    59    133    368      0
    59    132    361      0
    59    135    357      0
    60    274    388      0
    60    278    389      0
    60    280    391      0
    60    283    395      0
    60    285    399      0
    60    285    401      0
    60    286    407      0
    60    283    413      0
    60    279    417      0
    60    276    418      0
    60    274    416      0
    60    269    413      0
    60    265    405      0
    60    265    398      0
    60    267    393      0
    60    271    389      0
    60    274    388      0
    61    224    390      0
    61    228    390      0
    61    230    391      0
    61    232    394      0
    61    233    401      0
    61    231    406      0
    61    227    408      0
    61    222    408      0
    61    218    404      0
    61    217    398      0
    61    219    394      0
    61    224    390      0
    62    477    402      0
    62    478    402      0
    62    482    405      0
    62    488    413      0
    62    488    415      0
    62    482    416      0
    62    481    415      0
    62    479    414      0
    62    473    410      0
    62    473    406      0
    62    474    404      0
    62    477    402      0
    63    389    415      0
    63    393    416      0
    63    394    418      0
    63    395    421      0
    63    394    422      0
    63    391    424      0
    63    388    421      0
    63    388    416      0
    63    389    415      0
    64    346    426      0
    64    352    426      0
    64    356    428      0
    64    359    432      0
    64    360    436      0
    64    355    443      0
    64    353    450      0
    64    356    459      0
    64    355    461      0
    64    352    463      0
    64    345    464      0
    64    338    459      0
    64    330    459      0
    64    323    455      0
    64    322    455      0
    64    322    461      0
    64    324    464      0
    64    326    464      0
    64    331    468      0
    64    332    470      0
    64    332    478      0
    64    332    480      0
    64    328    487      0
    64    325    495      0
    64    323    497      0
    64    318    499      0
    64    313    495      0
    64    312    491      0
    64    301    482      0
    64    300    477      0
    64    306    468      0
    64    306    456      0
    64    307    454      0
    64    311    451      0
    64    315    451      0
    64    316    452      0
    64    320    453      0
    64    322    452      0
    64    322    446      0
    64    323    445      0
    64    323    435      0
    64    325    431      0
    64    330    427      0
    64    344    427      0
    64    346    426      0
    65    416    432      0
    65    414    436      0
    65    413    441      0
    65    413    443      0
    65    412    449      0
    65    410    451      0
    65    404    453      0
    65    400    451      0
    65    397    447      0
    65    396    442      0
    65    398    438      0
    65    401    436      0
    65    409    434      0
    65    416    431      0
    66    214    440      0
    66    222    440      0
    66    224    441      0
    66    228    445      0
    66    230    449      0
    66    231    453      0
    66    229    457      0
    66    224    462      0
    66    220    464      0
    66    215    465      0
    66    213    464      0
    66    207    462      0
    66    207    459      0
    66    206    458      0
    66    206    448      0
    66    207    446      0
    66    210    442      0
    66    214    440      0
    67    149    451      0
    67    151    451      0
    67    154    452      0
    67    158    456      0
    67    163    464      0
    67    171    475      0
    67    172    477      0
    67    169    480      0
    67    160    485      0
    67    157    489      0
    67    153    490      0
    67    149    488      0
    67    145    488      0
    67    142    485      0
    67    142    480      0
    67    138    473      0
    67    138    465      0
    67    144    454      0
    67    149    451      0
    68    379    451      0
    68    381    451      0
    68    383    453      0
    68    383    455      0
    68    381    456      0
    68    379    455      0
    68    378    453      0
    68    379    451      0
    69     41    458      0
    69     42    458      0
    69     45    459      0
    69     51    464      0
    69     66    464      0
    69     67    465      0
    69     71    464      0
    69     76    460      0
    69     81    460      0
    69     83    463      0
    69     89    476      0
    69     90    482      0
    69     89    484      0
    69     84    488      0
    69     71    489      0
    69     63    492      0
    69     59    493      0
    69     56    493      0
    69     55    493      0
    69     49    493      0
    69     41    498      0
    69     35    499      0
    69     33    498      0
    69     29    495      0
    69     25    490      0
    69     25    478      0
    69     23    470      0
    69     25    467      0
    69     33    463      0
    69     41    458      0
    70    196    461      0
    70    201    461      0
    70    202    462      0
    70    206    462      0
    70    207    463      0
    70    208    473      0
    70    213    480      0
    70    214    487      0
    70    209    492      0
    70    205    494      0
    70    200    495      0
    70    195    491      0
    70    192    481      0
    70    188    476      0
    70    188    468      0
    70    192    463      0
    70    196    461      0
    71    411    471      0
    71    414    471      0
    71    416    473      0
    71    417    476      0
    71    413    478      0
    71    408    477      0
    71    408    474      0
    71    409    472      0
    71    411    471      0
    72    375    475      0
    72    381    475      0
    72    387    480      0
    72    400    480      0
    72    401    480      0
    72    403    483      0
    72    399    492      0
    72    395    496      0
    72    381    496      0
    72    374    499      0
    72    369    499      0
    72    366    496      0
    72    365    493      0
    72    362    490      0
    72    354    491      0
    72    352    488      0
    72    353    484      0
    72    356    484      0
    72    360    488      0
    72    364    487      0
    72    365    485      0
    72    373    476      0
    72    375    475      0
    73    480    480      0
    73    484    481      0
    73    486    483      0
    73    486    487      0
    73    484    488      0
    73    480    489      0
    73    480    487      0
    73    479    481      0
    73    480    481      0
