1  18  505.355
2  13  172.741
3  9  46.7378
4  26  960.115
5  13  379.503
6  27  1277.25
7  10  156.578
8  22  634.738
9  31  1005.6
10  38  1519.45
11  9  43.1631
12  23  1115.48
13  38  2331.86
14  11  169.931
15  9  62.3574
16  9  99.834
17  17  459.516
18  12  115.268
19  18  532.014
20  13  277.148
21  10  90.1274
22  28  981.453
23  18  679.184
24  11  92.9922
25  24  841.621
26  12  80.6934
27  14  483.91
28  11  120.413
29  19  790.59
30  37  1340.8
31  29  1275.11
32  11  126.012
33  24  814.219
34  21  900.451
35  8  37.6367
36  34  2151.46
37  12  221.818
38  10  74.9282
39  12  254.164
40  24  446.184
41  17  591.91
42  11  228.59
43  66  3002.77
44  9  74.2422
45  10  108.949
46  22  779.891
47  6  15.8184
48  12  335.174
49  13  311.406
50  19  530.58
51  9  36.7891
52  11  54.9375
53  19  550.242
54  9  52.5234
55  19  901.148
56  9  113.875
57  13  279.609
58  13  235.922
59  50  2301
60  11  103.508
61  26  821.184
62  13  176.297
63  10  119.422
64  16  431.889
65  10  114.621
66  8  27.2871
67  9  66.0859
68  11  171.406
69  10  131.945
70  19  598.215
71  13  349.383
72  10  138.66
