1  20  527.622
2  49  1618.89
3  79  3315.76
4  15  304.039
5  26  1053.86
6  25  1193.3
7  12  153.318
8  10  87.3223
9  7  13.6426
10  27  608.589
11  24  638.062
12  7  76.8105
13  12  200.019
14  16  269.787
15  36  1242.58
16  32  926.445
17  20  710.285
18  14  233.775
19  54  2547.9
20  14  244.016
21  64  3140.68
22  14  473.418
23  11  98.2612
24  13  153.512
25  20  555.957
26  22  797.401
27  10  99.0664
28  100  4335.35
29  43  2355.79
30  36  1198.34
31  13  223.664
32  24  935.711
33  8  26.1797
34  10  100.371
35  6  10.8429
36  30  755.875
37  10  127.168
38  12  174.328
39  16  265.926
40  12  154.977
41  105  6050.91
42  31  1441.63
43  21  449.614
44  37  1018.84
45  8  18.6523
46  8  57.6406
47  14  654.861
48  14  396.18
49  12  129.5
50  16  319.131
51  10  144.266
