     1    464     14      0
     1    468     14      0
     1    473     17      0
     1    478     27      0
     1    479     36      0
     1    478     38      0
     1    474     42      0
     1    461     42      0
     1    453     45      0
     1    441     44      0
     1    439     43      0
     1    437     39      0
     1    435     34      0
     1    434     33      0
     1    426     38      0
     1    421     39      0
     1    416     35      0
     1    413     31      0
     1    414     29      0
     1    414     26      0
     1    418     22      0
     1    420     21      0
     1    426     23      0
     1    430     23      0
     1    434     19      0
     1    438     18      0
     1    441     21      0
     1    442     26      0
     1    443     29      0
     1    447     29      0
     1    451     28      0
     1    456     23      0
     1    458     19      0
     1    464     14      0
     2    327     21      0
     2    331     21      0
     2    332     22      0
     2    334     22      0
     2    337     26      0
     2    338     33      0
     2    336     35      0
     2    332     37      0
     2    328     37      0
     2    325     35      0
     2    322     29      0
     2    323     24      0
     2    327     21      0
     3    372     25      0
     3    376     26      0
     3    379     30      0
     3    383     48      0
     3    383     50      0
     3    384     57      0
     3    380     63      0
     3    380     66      0
     3    382     70      0
     3    384     75      0
     3    382     77      0
     3    377     78      0
     3    375     75      0
     3    375     71      0
     3    378     65      0
     3    377     62      0
     3    367     52      0
     3    365     48      0
     3    364     43      0
     3    368     28      0
     3    372     25      0
     4    138     28      0
     4    140     28      0
     4    143     29      0
     4    142     33      0
     4    138     35      0
     4    135     33      0
     4    136     29      0
     4    138     28      0
     5     72     31      0
     5     76     31      0
     5     77     32      0
     5     80     32      0
     5     88     36      0
     5     92     41      0
     5     91     45      0
     5     87     48      0
     5     81     49      0
     5     79     47      0
     5     71     35      0
     5     70     33      0
     5     72     31      0
     6    243     53      0
     6    247     54      0
     6    251     59      0
     6    253     62      0
     6    254     68      0
     6    252     71      0
     6    247     75      0
     6    240     76      0
     6    240     73      0
     6    239     72      0
     6    239     59      0
     6    240     56      0
     6    243     53      0
     7    196     70      0
     7    212     71      0
     7    213     72      0
     7    208     75      0
     7    200     81      0
     7    193     83      0
     7    191     85      0
     7    191     86      0
     7    191     88      0
     7    193     97      0
     7    190    103      0
     7    184    108      0
     7    178    107      0
     7    173    101      0
     7    167    100      0
     7    163     97      0
     7    163     90      0
     7    164     89      0
     7    168     86      0
     7    176     80      0
     7    187     79      0
     7    188     79      0
     7    190     73      0
     7    196     70      0
     8    148     78      0
     8    149     78      0
     8    154     79      0
     8    156     81      0
     8    157     84      0
     8    154     86      0
     8    150     87      0
     8    147     85      0
     8    146     80      0
     8    148     78      0
     9    247     79      0
     9    252     79      0
     9    256     80      0
     9    260     85      0
     9    261     89      0
     9    260     91      0
     9    255     95      0
     9    251     96      0
     9    247     94      0
     9    245     91      0
     9    244     85      0
     9    247     79      0
    10    478     81      0
    10    483     81      0
    10    487     85      0
    10    489     89      0
    10    490     97      0
    10    488    100      0
    10    481    105      0
    10    477    113      0
    10    472    116      0
    10    464    119      0
    10    458    124      0
    10    457    130      0
    10    455    135      0
    10    449    137      0
    10    446    137      0
    10    444    136      0
    10    440    131      0
    10    440    124      0
    10    443    119      0
    10    447    116      0
    10    447    113      0
    10    446    112      0
    10    444    112      0
    10    438    114      0
    10    436    114      0
    10    432    113      0
    10    431    111      0
    10    431    105      0
    10    439     95      0
    10    443     90      0
    10    445     89      0
    10    451     89      0
    10    454     92      0
    10    457     96      0
    10    460    100      0
    10    465    100      0
    10    469     99      0
    10    472     95      0
    10    474     85      0
    10    478     81      0
    11    314     89      0
    11    317     89      0
    11    320     92      0
    11    321     93      0
    11    323     97      0
    11    325     97      0
    11    327     96      0
    11    332     96      0
    11    334     97      0
    11    342    106      0
    11    344    106      0
    11    349    104      0
    11    355     99      0
    11    356     99      0
    11    358     98      0
    11    362     98      0
    11    363     99      0
    11    365     99      0
    11    374    103      0
    11    380    103      0
    11    382    105      0
    11    382    108      0
    11    376    113      0
    11    369    118      0
    11    366    121      0
    11    363    129      0
    11    360    135      0
    11    360    139      0
    11    362    149      0
    11    364    151      0
    11    369    150      0
    11    373    153      0
    11    387    153      0
    11    392    149      0
    11    397    141      0
    11    405    135      0
    11    410    126      0
    11    411    122      0
    11    408    119      0
    11    408    116      0
    11    409    115      0
    11    416    116      0
    11    417    117      0
    11    425    118      0
    11    428    120      0
    11    431    125      0
    11    432    128      0
    11    430    132      0
    11    423    137      0
    11    411    143      0
    11    404    150      0
    11    404    156      0
    11    410    162      0
    11    413    165      0
    11    423    165      0
    11    427    167      0
    11    427    169      0
    11    431    176      0
    11    436    180      0
    11    440    185      0
    11    438    191      0
    11    433    198      0
    11    428    200      0
    11    427    200      0
    11    425    200      0
    11    422    200      0
    11    419    197      0
    11    417    193      0
    11    417    187      0
    11    416    184      0
    11    410    179      0
    11    405    179      0
    11    403    180      0
    11    397    179      0
    11    389    173      0
    11    379    173      0
    11    376    172      0
    11    369    165      0
    11    365    164      0
    11    359    158      0
    11    358    158      0
    11    345    160      0
    11    342    159      0
    11    338    156      0
    11    335    144      0
    11    331    137      0
    11    330    134      0
    11    331    133      0
    11    335    135      0
    11    341    135      0
    11    344    132      0
    11    344    128      0
    11    335    117      0
    11    333    116      0
    11    327    114      0
    11    323    109      0
    11    322    102      0
    11    318    100      0
    11    314    100      0
    11    312     99      0
    11    310     96      0
    11    311     91      0
    11    314     89      0
    12    217     90      0
    12    223     90      0
    12    225     91      0
    12    230     96      0
    12    237     96      0
    12    241     97      0
    12    245    102      0
    12    244    106      0
    12    242    107      0
    12    227    114      0
    12    224    116      0
    12    224    118      0
    12    229    126      0
    12    230    128      0
    12    230    130      0
    12    231    136      0
    12    234    139      0
    12    235    141      0
    12    233    142      0
    12    229    137      0
    12    223    137      0
    12    218    135      0
    12    214    132      0
    12    212    128      0
    12    213    122      0
    12    216    119      0
    12    220    117      0
    12    221    115      0
    12    216    109      0
    12    212    102      0
    12    212     97      0
    12    213     96      0
    12    213     94      0
    12    217     90      0
    13    413     93      0
    13    417     94      0
    13    419     97      0
    13    419    101      0
    13    415    104      0
    13    410    104      0
    13    408    101      0
    13    409     96      0
    13    413     93      0
    14    273    113      0
    14    277    113      0
    14    281    116      0
    14    283    121      0
    14    280    127      0
    14    275    131      0
    14    271    132      0
    14    267    133      0
    14    265    131      0
    14    265    124      0
    14    268    117      0
    14    273    113      0
    15     50    121      0
    15     55    122      0
    15     61    127      0
    15     63    131      0
    15     60    135      0
    15     53    138      0
    15     47    136      0
    15     45    131      0
    15     45    126      0
    15     46    124      0
    15     50    121      0
    16    164    123      0
    16    170    123      0
    16    172    124      0
    16    175    128      0
    16    176    135      0
    16    175    137      0
    16    175    139      0
    16    176    142      0
    16    180    147      0
    16    185    150      0
    16    189    154      0
    16    188    158      0
    16    186    159      0
    16    181    160      0
    16    177    157      0
    16    167    152      0
    16    164    152      0
    16    162    152      0
    16    162    158      0
    16    162    161      0
    16    164    170      0
    16    163    172      0
    16    153    178      0
    16    148    179      0
    16    146    178      0
    16    142    174      0
    16    139    165      0
    16    134    161      0
    16    132    156      0
    16    133    148      0
    16    136    143      0
    16    138    143      0
    16    141    147      0
    16    146    153      0
    16    149    153      0
    16    153    152      0
    16    157    147      0
    16    152    140      0
    16    152    134      0
    16    154    131      0
    16    161    124      0
    16    164    123      0
    17     99    131      0
    17    104    133      0
    17    107    138      0
    17    108    143      0
    17    106    147      0
    17    103    151      0
    17    100    152      0
    17     98    150      0
    17     93    142      0
    17     93    136      0
    17     96    132      0
    17     97    132      0
    17     99    131      0
    18     39    149      0
    18     40    149      0
    18     44    152      0
    18     42    156      0
    18     39    158      0
    18     36    157      0
    18     35    155      0
    18     35    152      0
    18     39    149      0
    19    209    150      0
    19    216    150      0
    19    217    151      0
    19    219    151      0
    19    223    155      0
    19    226    160      0
    19    226    165      0
    19    224    166      0
    19    223    166      0
    19    218    167      0
    19    217    166      0
    19    213    165      0
    19    209    160      0
    19    207    152      0
    19    209    150      0
    20    262    155      0
    20    264    155      0
    20    268    159      0
    20    269    165      0
    20    267    168      0
    20    255    174      0
    20    251    179      0
    20    246    185      0
    20    237    188      0
    20    234    189      0
    20    231    194      0
    20    227    196      0
    20    219    195      0
    20    215    193      0
    20    211    188      0
    20    210    182      0
    20    213    178      0
    20    222    176      0
    20    225    171      0
    20    226    167      0
    20    229    167      0
    20    239    161      0
    20    242    161      0
    20    244    162      0
    20    250    163      0
    20    255    159      0
    20    262    155      0
    21    443    157      0
    21    454    157      0
    21    457    158      0
    21    459    160      0
    21    460    163      0
    21    460    166      0
    21    460    172      0
    21    464    178      0
    21    465    183      0
    21    464    185      0
    21    459    189      0
    21    454    190      0
    21    451    188      0
    21    449    185      0
    21    449    176      0
    21    447    174      0
    21    441    171      0
    21    438    167      0
    21    438    163      0
    21    440    159      0
    21    443    157      0
    22     90    165      0
    22     96    165      0
    22    101    170      0
    22    102    174      0
    22    100    176      0
    22     93    180      0
    22     87    179      0
    22     83    176      0
    22     83    171      0
    22     85    168      0
    22     90    165      0
    23    329    168      0
    23    333    168      0
    23    338    170      0
    23    341    174      0
    23    342    180      0
    23    340    183      0
    23    335    189      0
    23    330    192      0
    23    326    193      0
    23    322    190      0
    23    322    188      0
    23    321    187      0
    23    321    181      0
    23    322    179      0
    23    322    175      0
    23    323    173      0
    23    329    168      0
    24    476    168      0
    24    480    168      0
    24    483    169      0
    24    485    172      0
    24    486    175      0
    24    484    179      0
    24    482    180      0
    24    477    181      0
    24    475    179      0
    24    474    177      0
    24    473    172      0
    24    474    169      0
    24    476    168      0
    25     22    172      0
    25     23    173      0
    25     23    175      0
    25     20    176      0
    25     19    175      0
    25     19    172      0
    25     22    171      0
    26    179    176      0
    26    183    176      0
    26    187    178      0
    26    187    182      0
    26    185    185      0
    26    180    188      0
    26    174    190      0
    26    170    187      0
    26    174    180      0
    26    179    176      0
    27     27    183      0
    27     31    184      0
    27     33    186      0
    27     34    191      0
    27     33    194      0
    27     29    196      0
    27     24    196      0
    27     21    192      0
    27     21    187      0
    27     22    185      0
    27     27    182      0
    28     65    182      0
    28     68    182      0
    28     72    183      0
    28     73    185      0
    28     74    188      0
    28     71    192      0
    28     66    194      0
    28     64    193      0
    28     62    190      0
    28     62    186      0
    28     65    182      0
    29    344    192      0
    29    349    193      0
    29    351    194      0
    29    356    194      0
    29    363    197      0
    29    366    200      0
    29    367    203      0
    29    366    205      0
    29    356    210      0
    29    345    213      0
    29    338    210      0
    29    336    207      0
    29    336    200      0
    29    338    196      0
    29    341    193      0
    29    342    193      0
    29    344    192      0
    30    114    200      0
    30    119    200      0
    30    123    203      0
    30    125    206      0
    30    127    212      0
    30    127    214      0
    30    128    220      0
    30    128    222      0
    30    129    225      0
    30    131    229      0
    30    137    231      0
    30    140    234      0
    30    141    239      0
    30    137    242      0
    30    132    242      0
    30    128    239      0
    30    124    239      0
    30    122    240      0
    30    122    244      0
    30    125    252      0
    30    121    257      0
    30    114    258      0
    30    112    257      0
    30    108    253      0
    30    105    253      0
    30    104    253      0
    30    100    261      0
    30     97    263      0
    30     90    264      0
    30     88    263      0
    30     85    258      0
    30     85    254      0
    30     94    238      0
    30     99    233      0
    30    100    231      0
    30     99    223      0
    30     98    219      0
    30     94    212      0
    30     95    207      0
    30     99    204      0
    30    107    204      0
    30    110    203      0
    30    114    200      0
    31    244    202      0
    31    248    203      0
    31    251    206      0
    31    254    210      0
    31    255    213      0
    31    252    217      0
    31    247    219      0
    31    243    219      0
    31    242    214      0
    31    241    213      0
    31    241    205      0
    31    244    202      0
    32    268    210      0
    32    274    210      0
    32    276    212      0
    32    278    212      0
    32    281    217      0
    32    284    224      0
    32    285    228      0
    32    282    231      0
    32    278    236      0
    32    278    240      0
    32    277    242      0
    32    273    246      0
    32    264    249      0
    32    258    253      0
    32    252    254      0
    32    246    255      0
    32    240    259      0
    32    234    260      0
    32    232    258      0
    32    230    254      0
    32    231    250      0
    32    234    246      0
    32    237    245      0
    32    242    241      0
    32    244    231      0
    32    249    227      0
    32    251    228      0
    32    256    228      0
    32    259    226      0
    32    260    217      0
    32    263    214      0
    32    268    210      0
    33    477    218      0
    33    481    218      0
    33    483    219      0
    33    487    223      0
    33    491    229      0
    33    490    233      0
    33    485    236      0
    33    478    237      0
    33    477    237      0
    33    468    241      0
    33    462    238      0
    33    456    234      0
    33    456    229      0
    33    459    221      0
    33    461    221      0
    33    465    223      0
    33    468    223      0
    33    477    218      0
    34    344    219      0
    34    345    219      0
    34    351    220      0
    34    357    224      0
    34    360    229      0
    34    360    234      0
    34    358    236      0
    34    353    238      0
    34    347    237      0
    34    343    228      0
    34    342    222      0
    34    344    219      0
    35    403    222      0
    35    409    222      0
    35    413    225      0
    35    416    230      0
    35    416    235      0
    35    409    239      0
    35    403    240      0
    35    401    239      0
    35    398    234      0
    35    397    229      0
    35    399    225      0
    35    403    222      0
    36    176    228      0
    36    178    228      0
    36    186    232      0
    36    192    234      0
    36    196    238      0
    36    198    244      0
    36    198    246      0
    36    193    253      0
    36    188    257      0
    36    183    258      0
    36    181    257      0
    36    177    254      0
    36    174    247      0
    36    167    239      0
    36    167    234      0
    36    168    232      0
    36    172    228      0
    36    176    227      0
    37    434    228      0
    37    439    228      0
    37    444    233      0
    37    445    236      0
    37    446    242      0
    37    448    246      0
    37    456    249      0
    37    463    255      0
    37    468    262      0
    37    469    267      0
    37    466    270      0
    37    462    272      0
    37    455    268      0
    37    448    267      0
    37    436    260      0
    37    423    246      0
    37    421    241      0
    37    422    237      0
    37    429    231      0
    37    434    228      0
    38    340    239      0
    38    345    239      0
    38    351    248      0
    38    353    253      0
    38    351    256      0
    38    345    259      0
    38    339    256      0
    38    336    251      0
    38    336    245      0
    38    338    241      0
    38    340    239      0
    39     50    248      0
    39     53    250      0
    39     53    254      0
    39     51    256      0
    39     47    257      0
    39     45    255      0
    39     45    250      0
    39     46    249      0
    39     50    247      0
    40    292    259      0
    40    298    259      0
    40    302    263      0
    40    304    266      0
    40    305    269      0
    40    314    268      0
    40    316    269      0
    40    317    271      0
    40    316    276      0
    40    314    277      0
    40    313    278      0
    40    313    280      0
    40    315    286      0
    40    316    289      0
    40    315    291      0
    40    310    297      0
    40    309    299      0
    40    310    301      0
    40    311    301      0
    40    320    305      0
    40    327    311      0
    40    338    315      0
    40    340    314      0
    40    340    300      0
    40    343    296      0
    40    344    296      0
    40    353    286      0
    40    359    283      0
    40    363    284      0
    40    369    284      0
    40    373    279      0
    40    375    278      0
    40    379    280      0
    40    383    281      0
    40    388    285      0
    40    392    293      0
    40    396    300      0
    40    397    303      0
    40    394    308      0
    40    394    311      0
    40    395    314      0
    40    398    317      0
    40    411    322      0
    40    413    322      0
    40    418    318      0
    40    424    315      0
    40    427    317      0
    40    430    321      0
    40    423    331      0
    40    423    338      0
    40    422    340      0
    40    417    345      0
    40    410    348      0
    40    402    349      0
    40    400    348      0
    40    396    345      0
    40    394    339      0
    40    395    333      0
    40    394    329      0
    40    389    325      0
    40    386    324      0
    40    380    323      0
    40    376    317      0
    40    376    311      0
    40    374    307      0
    40    371    307      0
    40    370    308      0
    40    369    311      0
    40    365    315      0
    40    355    319      0
    40    354    320      0
    40    353    331      0
    40    350    335      0
    40    326    335      0
    40    320    332      0
    40    315    330      0
    40    315    327      0
    40    314    324      0
    40    310    321      0
    40    308    320      0
    40    303    313      0
    40    303    306      0
    40    304    305      0
    40    305    301      0
    40    303    301      0
    40    294    305      0
    40    287    306      0
    40    286    305      0
    40    281    304      0
    40    276    306      0
    40    269    311      0
    40    263    313      0
    40    259    311      0
    40    257    307      0
    40    257    299      0
    40    258    297      0
    40    265    290      0
    40    270    286      0
    40    281    283      0
    40    285    280      0
    40    287    281      0
    40    288    282      0
    40    292    287      0
    40    297    287      0
    40    300    286      0
    40    304    282      0
    40    305    282      0
    40    309    279      0
    40    309    277      0
    40    305    270      0
    40    302    270      0
    40    301    270      0
    40    293    271      0
    40    289    268      0
    40    289    266      0
    40    288    265      0
    40    290    260      0
    40    292    259      0
    41    172    270      0
    41    175    271      0
    41    178    274      0
    41    182    282      0
    41    182    286      0
    41    178    289      0
    41    172    289      0
    41    169    283      0
    41    169    274      0
    41    170    271      0
    41    172    270      0
    42     62    273      0
    42     67    273      0
    42     72    275      0
    42     76    280      0
    42     82    284      0
    42     88    285      0
    42     91    287      0
    42     89    296      0
    42     86    299      0
    42     81    302      0
    42     74    303      0
    42     71    301      0
    42     66    295      0
    42     63    293      0
    42     53    293      0
    42     49    291      0
    42     47    288      0
    42     47    283      0
    42     51    278      0
    42     62    273      0
    43    101    277      0
    43    105    278      0
    43    108    282      0
    43    108    284      0
    43    106    285      0
    43    103    286      0
    43    101    286      0
    43     98    286      0
    43     95    284      0
    43     97    279      0
    43    101    277      0
    44    489    279      0
    44    493    279      0
    44    497    289      0
    44    498    295      0
    44    495    301      0
    44    498    309      0
    44    499    314      0
    44    497    318      0
    44    493    321      0
    44    490    322      0
    44    489    322      0
    44    484    322      0
    44    480    317      0
    44    480    311      0
    44    482    307      0
    44    487    302      0
    44    487    299      0
    44    485    296      0
    44    485    290      0
    44    487    286      0
    44    488    280      0
    44    489    279      0
    45    121    282      0
    45    126    282      0
    45    130    284      0
    45    132    286      0
    45    133    289      0
    45    134    293      0
    45    131    298      0
    45    127    300      0
    45    122    299      0
    45    120    297      0
    45    117    291      0
    45    117    285      0
    45    121    282      0
    46     58    315      0
    46     63    315      0
    46     66    317      0
    46     68    320      0
    46     69    327      0
    46     67    330      0
    46     66    334      0
    46     69    340      0
    46     70    344      0
    46     68    347      0
    46     64    352      0
    46     60    354      0
    46     55    354      0
    46     53    350      0
    46     52    344      0
    46     57    338      0
    46     57    335      0
    46     54    333      0
    46     51    328      0
    46     51    321      0
    46     53    318      0
    46     58    315      0
    47    229    328      0
    47    234    328      0
    47    237    329      0
    47    243    337      0
    47    245    337      0
    47    248    336      0
    47    254    336      0
    47    256    338      0
    47    267    358      0
    47    269    367      0
    47    272    374      0
    47    273    380      0
    47    269    384      0
    47    264    386      0
    47    260    384      0
    47    258    381      0
    47    257    376      0
    47    254    368      0
    47    249    363      0
    47    241    358      0
    47    238    354      0
    47    237    349      0
    47    235    345      0
    47    230    345      0
    47    229    347      0
    47    229    352      0
    47    228    353      0
    47    227    360      0
    47    223    365      0
    47    215    369      0
    47    209    370      0
    47    208    369      0
    47    206    369      0
    47    203    365      0
    47    204    361      0
    47    208    357      0
    47    210    345      0
    47    214    340      0
    47    218    339      0
    47    223    335      0
    47    224    332      0
    47    229    328      0
    48    105    334      0
    48    109    334      0
    48    114    338      0
    48    116    342      0
    48    115    344      0
    48    112    348      0
    48    108    350      0
    48    101    351      0
    48     92    355      0
    48     88    354      0
    48     87    349      0
    48     86    348      0
    48     86    340      0
    48     90    337      0
    48     99    337      0
    48    105    334      0
    49    305    334      0
    49    311    334      0
    49    313    337      0
    49    314    340      0
    49    316    342      0
    49    319    342      0
    49    322    345      0
    49    323    349      0
    49    320    351      0
    49    317    351      0
    49    315    348      0
    49    315    344      0
    49    312    341      0
    49    305    341      0
    49    303    340      0
    49    302    338      0
    49    305    334      0
    50    478    339      0
    50    480    339      0
    50    484    344      0
    50    485    347      0
    50    481    356      0
    50    481    362      0
    50    477    367      0
    50    473    368      0
    50    472    367      0
    50    469    363      0
    50    468    360      0
    50    470    354      0
    50    470    346      0
    50    471    343      0
    50    474    340      0
    50    475    339      0
    50    478    338      0
    51    137    339      0
    51    141    339      0
    51    145    340      0
    51    151    346      0
    51    155    352      0
    51    167    366      0
    51    173    367      0
    51    177    370      0
    51    176    374      0
    51    173    376      0
    51    164    375      0
    51    153    378      0
    51    150    375      0
    51    147    368      0
    51    144    365      0
    51    139    362      0
    51    135    355      0
    51    135    344      0
    51    136    343      0
    51    136    341      0
    51    137    339      0
    52    431    340      0
    52    435    340      0
    52    437    341      0
    52    438    345      0
    52    436    348      0
    52    434    348      0
    52    429    345      0
    52    429    342      0
    52    431    340      0
    53    436    353      0
    53    440    353      0
    53    445    355      0
    53    449    361      0
    53    450    365      0
    53    448    369      0
    53    437    380      0
    53    436    384      0
    53    444    398      0
    53    445    405      0
    53    443    409      0
    53    443    422      0
    53    440    427      0
    53    436    441      0
    53    432    444      0
    53    424    445      0
    53    424    446      0
    53    419    453      0
    53    415    455      0
    53    409    456      0
    53    408    455      0
    53    406    455      0
    53    402    451      0
    53    400    446      0
    53    401    440      0
    53    402    438      0
    53    406    434      0
    53    407    434      0
    53    409    433      0
    53    415    433      0
    53    419    431      0
    53    419    428      0
    53    417    424      0
    53    419    424      0
    53    422    426      0
    53    424    426      0
    53    428    423      0
    53    430    419      0
    53    431    411      0
    53    425    402      0
    53    424    395      0
    53    420    392      0
    53    418    392      0
    53    413    387      0
    53    412    385      0
    53    412    377      0
    53    415    369      0
    53    426    363      0
    53    436    353      0
    54     35    370      0
    54     39    371      0
    54     43    375      0
    54     46    377      0
    54     67    377      0
    54     70    378      0
    54     74    383      0
    54     75    388      0
    54     74    390      0
    54     68    395      0
    54     69    404      0
    54     67    408      0
    54     65    409      0
    54     60    410      0
    54     52    402      0
    54     48    401      0
    54     40    397      0
    54     40    395      0
    54     37    390      0
    54     29    386      0
    54     27    383      0
    54     27    378      0
    54     28    375      0
    54     31    372      0
    54     35    370      0
    55    389    370      0
    55    394    371      0
    55    397    375      0
    55    394    379      0
    55    390    380      0
    55    387    377      0
    55    387    372      0
    55    389    370      0
    56    354    391      0
    56    358    392      0
    56    365    401      0
    56    366    407      0
    56    362    411      0
    56    355    412      0
    56    352    408      0
    56    351    400      0
    56    350    399      0
    56    351    393      0
    56    354    391      0
    57    391    396      0
    57    395    396      0
    57    396    397      0
    57    404    401      0
    57    408    406      0
    57    407    414      0
    57    404    415      0
    57    401    412      0
    57    394    409      0
    57    390    405      0
    57    389    399      0
    57    391    396      0
    58    103    401      0
    58    106    401      0
    58    108    402      0
    58    112    407      0
    58    114    411      0
    58    114    413      0
    58    112    423      0
    58    113    429      0
    58    117    436      0
    58    120    441      0
    58    120    443      0
    58    116    446      0
    58    112    447      0
    58     97    440      0
    58     95    441      0
    58     89    452      0
    58     89    462      0
    58     86    467      0
    58     86    470      0
    58     88    474      0
    58     92    479      0
    58     93    487      0
    58     92    488      0
    58     92    490      0
    58     87    495      0
    58     83    497      0
    58     76    498      0
    58     63    492      0
    58     56    492      0
    58     55    491      0
    58     54    488      0
    58     58    484      0
    58     61    479      0
    58     61    474      0
    58     59    471      0
    58     59    456      0
    58     62    453      0
    58     64    453      0
    58     68    449      0
    58     68    438      0
    58     66    437      0
    58     63    435      0
    58     54    438      0
    58     48    439      0
    58     44    435      0
    58     44    429      0
    58     45    428      0
    58     51    427      0
    58     55    425      0
    58     57    422      0
    58     64    417      0
    58     70    417      0
    58     74    419      0
    58     78    419      0
    58     80    418      0
    58     86    420      0
    58     90    420      0
    58     94    416      0
    58     95    411      0
    58     98    405      0
    58    103    401      0
    59    308    403      0
    59    312    403      0
    59    315    406      0
    59    316    408      0
    59    317    412      0
    59    318    416      0
    59    315    422      0
    59    312    425      0
    59    303    430      0
    59    299    435      0
    59    295    438      0
    59    292    440      0
    59    291    447      0
    59    288    454      0
    59    282    459      0
    59    282    461      0
    59    286    465      0
    59    294    464      0
    59    297    465      0
    59    302    470      0
    59    304    474      0
    59    305    489      0
    59    301    494      0
    59    298    495      0
    59    295    493      0
    59    285    475      0
    59    283    473      0
    59    276    473      0
    59    274    471      0
    59    273    467      0
    59    279    462      0
    59    279    459      0
    59    272    455      0
    59    270    452      0
    59    269    443      0
    59    266    441      0
    59    263    441      0
    59    253    445      0
    59    248    445      0
    59    244    441      0
    59    244    436      0
    59    245    432      0
    59    250    427      0
    59    252    423      0
    59    256    419      0
    59    258    418      0
    59    262    418      0
    59    267    417      0
    59    270    413      0
    59    274    410      0
    59    278    412      0
    59    279    413      0
    59    281    414      0
    59    285    413      0
    59    292    405      0
    59    302    405      0
    59    306    404      0
    59    308    403      0
    60    177    424      0
    60    180    424      0
    60    184    426      0
    60    187    431      0
    60    188    443      0
    60    186    445      0
    60    181    447      0
    60    177    449      0
    60    175    452      0
    60    175    456      0
    60    177    460      0
    60    178    464      0
    60    176    466      0
    60    173    467      0
    60    171    465      0
    60    171    462      0
    60    170    456      0
    60    159    449      0
    60    155    445      0
    60    153    441      0
    60    154    435      0
    60    157    432      0
    60    161    430      0
    60    168    430      0
    60    174    426      0
    60    177    424      0
    61     30    433      0
    61     32    433      0
    61     34    434      0
    61     35    437      0
    61     34    439      0
    61     30    440      0
    61     27    437      0
    61     28    434      0
    61     30    433      0
    62    318    440      0
    62    324    440      0
    62    325    441      0
    62    329    446      0
    62    330    450      0
    62    329    451      0
    62    326    459      0
    62    323    460      0
    62    316    453      0
    62    314    448      0
    62    315    443      0
    62    318    440      0
    63    134    453      0
    63    140    455      0
    63    141    457      0
    63    141    465      0
    63    138    469      0
    63    132    470      0
    63    129    468      0
    63    126    462      0
    63    128    456      0
    63    134    453      0
    64    321    468      0
    64    323    468      0
    64    324    469      0
    64    327    474      0
    64    328    478      0
    64    324    481      0
    64    319    482      0
    64    317    481      0
    64    315    478      0
    64    315    473      0
    64    321    468      0
    65    340    478      0
    65    341    478      0
    65    343    481      0
    65    344    484      0
    65    341    487      0
    65    336    488      0
    65    334    485      0
    65    334    480      0
    65    336    478      0
    65    340    477      0
    66    239    478      0
    66    246    480      0
    66    251    484      0
    66    254    488      0
    66    252    490      0
    66    237    491      0
    66    231    492      0
    66    227    490      0
    66    225    485      0
    66    228    481      0
    66    239    478      0
    67    433    484      0
    67    435    484      0
    67    440    489      0
    67    442    491      0
    67    437    495      0
    67    432    496      0
    67    429    494      0
    67    429    488      0
    67    430    487      0
    67    433    485      0
