     1     62     12      0
     1     68     12      0
     1     70     13      0
     1     74     16      0
     1     77     22      0
     1     77     23      0
     1     77     26      0
     1     74     32      0
     1     73     40      0
     1     71     41      0
     1     66     42      0
     1     64     42      0
     1     57     42      0
     1     55     40      0
     1     54     36      0
     1     55     27      0
     1     56     26      0
     1     56     18      0
     1     57     16      0
     1     62     12      0
     2     32     16      0
     2     36     16      0
     2     40     20      0
     2     41     23      0
     2     41     27      0
     2     34     34      0
     2     34     40      0
     2     35     43      0
     2     41     47      0
     2     45     52      0
     2     47     54      0
     2     50     58      0
     2     51     63      0
     2     48     66      0
     2     44     68      0
     2     38     71      0
     2     36     74      0
     2     36     76      0
     2     38     80      0
     2     47     83      0
     2     51     86      0
     2     54     91      0
     2     55     95      0
     2     54     96      0
     2     54     98      0
     2     52    100      0
     2     48    102      0
     2     44    103      0
     2     39     99      0
     2     34     87      0
     2     33     86      0
     2     22     86      0
     2     18     83      0
     2     15     77      0
     2     15     68      0
     2     16     67      0
     2     16     63      0
     2     17     61      0
     2     22     54      0
     2     24     51      0
     2     24     46      0
     2     19     39      0
     2     19     35      0
     2     20     33      0
     2     26     28      0
     2     27     26      0
     2     27     22      0
     2     28     20      0
     2     32     16      0
     3    167     17      0
     3    174     17      0
     3    175     18      0
     3    177     17      0
     3    185     17      0
     3    191     20      0
     3    194     25      0
     3    195     31      0
     3    190     40      0
     3    190     46      0
     3    184     47      0
     3    183     46      0
     3    180     46      0
     3    178     47      0
     3    178     49      0
     3    179     53      0
     3    186     61      0
     3    197     64      0
     3    201     66      0
     3    202     68      0
     3    203     71      0
     3    202     73      0
     3    198     76      0
     3    189     77      0
     3    188     78      0
     3    188     79      0
     3    188     81      0
     3    190     88      0
     3    190     90      0
     3    191     96      0
     3    187    101      0
     3    186    105      0
     3    190    113      0
     3    191    121      0
     3    190    123      0
     3    186    126      0
     3    180    127      0
     3    173    121      0
     3    169    121      0
     3    168    122      0
     3    167    125      0
     3    164    129      0
     3    160    130      0
     3    156    129      0
     3    148    129      0
     3    147    129      0
     3    143    130      0
     3    134    133      0
     3    131    132      0
     3    131    129      0
     3    136    122      0
     3    137    115      0
     3    140    108      0
     3    142    106      0
     3    147    102      0
     3    152    102      0
     3    157    101      0
     3    161     97      0
     3    167     94      0
     3    173     95      0
     3    177     93      0
     3    177     84      0
     3    179     79      0
     3    184     76      0
     3    184     73      0
     3    179     67      0
     3    173     62      0
     3    164     54      0
     3    163     50      0
     3    159     47      0
     3    152     45      0
     3    147     42      0
     3    146     38      0
     3    147     34      0
     3    154     28      0
     3    159     19      0
     3    161     18      0
     3    163     17      0
     3    167     16      0
     4    409     22      0
     4    414     22      0
     4    415     23      0
     4    417     24      0
     4    420     30      0
     4    421     39      0
     4    422     43      0
     4    420     46      0
     4    415     47      0
     4    408     42      0
     4    406     38      0
     4    405     34      0
     4    404     29      0
     4    406     25      0
     4    409     22      0
     5    250     39      0
     5    252     39      0
     5    257     44      0
     5    259     47      0
     5    265     55      0
     5    266     59      0
     5    265     61      0
     5    259     67      0
     5    254     70      0
     5    248     71      0
     5    244     69      0
     5    239     69      0
     5    236     71      0
     5    233     77      0
     5    231     81      0
     5    226     82      0
     5    223     78      0
     5    223     73      0
     5    225     70      0
     5    225     63      0
     5    223     59      0
     5    223     55      0
     5    227     50      0
     5    234     48      0
     5    243     40      0
     5    250     38      0
     6    279     59      0
     6    286     59      0
     6    290     63      0
     6    293     70      0
     6    298     76      0
     6    303     77      0
     6    302     79      0
     6    301     83      0
     6    301     92      0
     6    301     94      0
     6    302     98      0
     6    302    100      0
     6    303    103      0
     6    301    107      0
     6    295    110      0
     6    289    109      0
     6    284    100      0
     6    276     97      0
     6    271     92      0
     6    266     86      0
     6    266     80      0
     6    270     73      0
     6    270     65      0
     6    271     63      0
     6    279     59      0
     7    315     63      0
     7    318     63      0
     7    320     64      0
     7    323     68      0
     7    324     71      0
     7    320     76      0
     7    312     77      0
     7    311     76      0
     7    307     75      0
     7    309     68      0
     7    311     66      0
     7    315     63      0
     8    414     89      0
     8    420     89      0
     8    424     92      0
     8    425     94      0
     8    421     97      0
     8    413     98      0
     8    411     96      0
     8    411     92      0
     8    412     90      0
     8    414     89      0
     9    241     90      0
     9    243     91      0
     9    245     93      0
     9    242     96      0
     9    240     95      0
     9    240     92      0
     9    241     90      0
    10    326     98      0
    10    331     98      0
    10    333     99      0
    10    337    107      0
    10    339    108      0
    10    345    108      0
    10    354    111      0
    10    361    111      0
    10    363    107      0
    10    367    103      0
    10    370    105      0
    10    371    110      0
    10    370    111      0
    10    363    116      0
    10    358    124      0
    10    352    127      0
    10    346    128      0
    10    340    125      0
    10    338    123      0
    10    336    119      0
    10    336    114      0
    10    332    112      0
    10    328    112      0
    10    324    110      0
    10    322    106      0
    10    323    101      0
    10    326     98      0
    11    229    121      0
    11    233    121      0
    11    234    126      0
    11    233    129      0
    11    233    132      0
    11    239    139      0
    11    248    141      0
    11    254    147      0
    11    255    149      0
    11    255    154      0
    11    252    157      0
    11    246    158      0
    11    236    151      0
    11    233    151      0
    11    232    151      0
    11    225    149      0
    11    220    146      0
    11    217    141      0
    11    217    136      0
    11    218    134      0
    11    223    131      0
    11    226    127      0
    11    226    124      0
    11    229    121      0
    12    116    130      0
    12    122    130      0
    12    125    134      0
    12    122    138      0
    12    115    139      0
    12    112    135      0
    12    116    130      0
    13     83    143      0
    13     88    143      0
    13     92    145      0
    13     95    151      0
    13     93    156      0
    13     91    159      0
    13     85    161      0
    13     81    158      0
    13     80    158      0
    13     79    152      0
    13     80    146      0
    13     83    143      0
    14    374    149      0
    14    377    149      0
    14    379    151      0
    14    380    153      0
    14    376    156      0
    14    374    160      0
    14    374    167      0
    14    370    170      0
    14    362    171      0
    14    360    170      0
    14    357    166      0
    14    356    161      0
    14    357    159      0
    14    359    157      0
    14    369    154      0
    14    374    149      0
    15    277    151      0
    15    281    151      0
    15    284    154      0
    15    285    155      0
    15    287    162      0
    15    290    164      0
    15    294    170      0
    15    295    173      0
    15    293    177      0
    15    288    182      0
    15    288    185      0
    15    288    187      0
    15    296    192      0
    15    308    192      0
    15    312    195      0
    15    315    200      0
    15    316    203      0
    15    314    204      0
    15    309    206      0
    15    305    211      0
    15    304    216      0
    15    300    219      0
    15    293    219      0
    15    289    215      0
    15    287    210      0
    15    281    204      0
    15    279    200      0
    15    279    192      0
    15    278    188      0
    15    272    185      0
    15    271    180      0
    15    273    176      0
    15    274    169      0
    15    277    161      0
    15    276    153      0
    15    277    151      0
    16     42    153      0
    16     46    153      0
    16     50    157      0
    16     51    164      0
    16     50    165      0
    16     50    169      0
    16     52    175      0
    16     51    179      0
    16     46    183      0
    16     44    186      0
    16     45    192      0
    16     42    198      0
    16     42    207      0
    16     41    208      0
    16     41    211      0
    16     38    215      0
    16     25    225      0
    16     20    226      0
    16     17    224      0
    16     15    217      0
    16     20    207      0
    16     25    200      0
    16     33    195      0
    16     35    193      0
    16     36    189      0
    16     40    184      0
    16     40    177      0
    16     39    171      0
    16     36    165      0
    16     36    160      0
    16     38    156      0
    16     42    153      0
    17    148    159      0
    17    153    160      0
    17    158    165      0
    17    160    168      0
    17    162    174      0
    17    171    178      0
    17    172    184      0
    17    171    186      0
    17    170    190      0
    17    166    195      0
    17    160    198      0
    17    156    197      0
    17    151    193      0
    17    149    184      0
    17    142    178      0
    17    139    174      0
    17    139    170      0
    17    140    167      0
    17    146    160      0
    17    148    159      0
    18    326    168      0
    18    331    168      0
    18    341    171      0
    18    345    173      0
    18    346    177      0
    18    345    179      0
    18    343    180      0
    18    328    181      0
    18    327    180      0
    18    325    180      0
    18    321    176      0
    18    321    173      0
    18    322    171      0
    18    326    168      0
    19    215    170      0
    19    222    170      0
    19    230    175      0
    19    231    175      0
    19    239    178      0
    19    242    181      0
    19    243    185      0
    19    243    187      0
    19    244    198      0
    19    243    199      0
    19    243    207      0
    19    246    213      0
    19    248    215      0
    19    251    215      0
    19    253    214      0
    19    253    204      0
    19    258    193      0
    19    263    189      0
    19    267    191      0
    19    271    198      0
    19    272    206      0
    19    273    208      0
    19    277    210      0
    19    278    212      0
    19    279    215      0
    19    275    223      0
    19    270    228      0
    19    265    229      0
    19    260    225      0
    19    257    225      0
    19    252    231      0
    19    245    234      0
    19    236    235      0
    19    231    231      0
    19    228    231      0
    19    223    237      0
    19    217    240      0
    19    208    241      0
    19    205    239      0
    19    204    235      0
    19    203    229      0
    19    206    223      0
    19    216    212      0
    19    225    207      0
    19    227    203      0
    19    226    195      0
    19    225    195      0
    19    225    189      0
    19    222    186      0
    19    214    184      0
    19    211    181      0
    19    210    177      0
    19    211    174      0
    19    215    170      0
    20    419    187      0
    20    424    187      0
    20    426    188      0
    20    429    192      0
    20    429    196      0
    20    427    198      0
    20    423    206      0
    20    420    208      0
    20    415    208      0
    20    413    204      0
    20    413    192      0
    20    414    191      0
    20    415    189      0
    20    419    187      0
    21     96    189      0
    21    100    189      0
    21    101    190      0
    21    107    190      0
    21    109    191      0
    21    113    192      0
    21    117    197      0
    21    118    203      0
    21    117    205      0
    21    113    208      0
    21    109    213      0
    21    109    217      0
    21    106    222      0
    21    106    228      0
    21    108    231      0
    21    116    234      0
    21    119    237      0
    21    123    243      0
    21    126    248      0
    21    134    247      0
    21    138    243      0
    21    140    239      0
    21    145    236      0
    21    152    228      0
    21    154    227      0
    21    157    227      0
    21    159    228      0
    21    166    236      0
    21    168    237      0
    21    173    237      0
    21    177    239      0
    21    179    242      0
    21    179    245      0
    21    176    249      0
    21    163    249      0
    21    161    250      0
    21    155    254      0
    21    148    258      0
    21    142    257      0
    21    130    257      0
    21    127    255      0
    21    124    255      0
    21    123    257      0
    21    123    260      0
    21    125    265      0
    21    124    269      0
    21    120    272      0
    21    100    273      0
    21     98    270      0
    21     98    261      0
    21     97    255      0
    21     98    254      0
    21     99    247      0
    21     97    244      0
    21     92    243      0
    21     86    238      0
    21     81    232      0
    21     81    227      0
    21     78    214      0
    21     79    209      0
    21     84    202      0
    21     85    197      0
    21     90    192      0
    21     96    189      0
    22    327    213      0
    22    333    213      0
    22    339    219      0
    22    345    222      0
    22    349    225      0
    22    350    230      0
    22    347    236      0
    22    342    240      0
    22    335    241      0
    22    333    240      0
    22    330    237      0
    22    323    222      0
    22    324    216      0
    22    327    213      0
    23     57    225      0
    23     59    225      0
    23     62    229      0
    23     63    234      0
    23     61    238      0
    23     57    239      0
    23     55    239      0
    23     53    238      0
    23     53    231      0
    23     54    229      0
    23     57    225      0
    24    368    237      0
    24    369    237      0
    24    372    241      0
    24    374    245      0
    24    378    250      0
    24    379    252      0
    24    378    253      0
    24    375    254      0
    24    364    247      0
    24    361    245      0
    24    361    241      0
    24    363    238      0
    24    368    236      0
    25    408    236      0
    25    410    236      0
    25    412    238      0
    25    413    240      0
    25    410    246      0
    25    410    252      0
    25    409    253      0
    25    409    255      0
    25    406    267      0
    25    403    271      0
    25    393    276      0
    25    387    275      0
    25    385    271      0
    25    385    267      0
    25    388    259      0
    25    396    248      0
    25    397    248      0
    25    403    242      0
    25    406    237      0
    25    408    236      0
    26     19    255      0
    26     23    256      0
    26     36    265      0
    26     39    269      0
    26     40    285      0
    26     39    288      0
    26     35    292      0
    26     30    294      0
    26     24    291      0
    26     21    291      0
    26     15    294      0
    26     10    295      0
    26      8    294      0
    26      5    289      0
    26      6    283      0
    26      9    280      0
    26     15    278      0
    26     19    274      0
    26     19    267      0
    26     20    266      0
    26     20    260      0
    26     19    255      0
    27    266    261      0
    27    269    261      0
    27    272    265      0
    27    273    269      0
    27    272    271      0
    27    269    273      0
    27    265    274      0
    27    262    271      0
    27    262    265      0
    27    266    261      0
    28    216    274      0
    28    221    274      0
    28    226    277      0
    28    230    281      0
    28    236    291      0
    28    237    297      0
    28    235    301      0
    28    232    307      0
    28    230    309      0
    28    224    311      0
    28    217    319      0
    28    214    320      0
    28    213    320      0
    28    204    319      0
    28    199    319      0
    28    199    320      0
    28    208    328      0
    28    213    336      0
    28    215    342      0
    28    214    343      0
    28    214    348      0
    28    216    353      0
    28    217    354      0
    28    224    360      0
    28    227    365      0
    28    228    368      0
    28    227    369      0
    28    227    376      0
    28    228    380      0
    28    229    383      0
    28    227    387      0
    28    223    391      0
    28    222    394      0
    28    222    396      0
    28    229    398      0
    28    235    403      0
    28    249    403      0
    28    251    401      0
    28    251    391      0
    28    252    389      0
    28    256    386      0
    28    259    387      0
    28    263    392      0
    28    264    398      0
    28    263    399      0
    28    261    405      0
    28    261    407      0
    28    262    421      0
    28    261    422      0
    28    261    425      0
    28    257    429      0
    28    251    430      0
    28    243    425      0
    28    237    423      0
    28    230    422      0
    28    225    417      0
    28    224    417      0
    28    216    413      0
    28    213    408      0
    28    213    403      0
    28    214    402      0
    28    217    396      0
    28    216    395      0
    28    214    394      0
    28    209    390      0
    28    209    388      0
    28    207    385      0
    28    210    376      0
    28    210    371      0
    28    208    366      0
    28    203    363      0
    28    197    363      0
    28    195    364      0
    28    189    365      0
    28    185    363      0
    28    183    358      0
    28    179    354      0
    28    171    354      0
    28    169    353      0
    28    168    350      0
    28    169    347      0
    28    173    346      0
    28    177    348      0
    28    187    348      0
    28    189    347      0
    28    189    339      0
    28    188    336      0
    28    189    328      0
    28    190    326      0
    28    197    320      0
    28    197    318      0
    28    194    317      0
    28    190    312      0
    28    189    307      0
    28    188    306      0
    28    188    298      0
    28    195    292      0
    28    207    286      0
    28    211    278      0
    28    216    274      0
    29     76    282      0
    29     79    282      0
    29     81    283      0
    29     93    286      0
    29     96    289      0
    29     97    291      0
    29     97    293      0
    29     98    298      0
    29     97    299      0
    29     96    303      0
    29     88    310      0
    29     86    317      0
    29     78    324      0
    29     72    326      0
    29     67    328      0
    29     63    333      0
    29     54    341      0
    29     49    344      0
    29     43    345      0
    29     39    343      0
    29     32    336      0
    29     30    336      0
    29     24    334      0
    29     21    330      0
    29     21    324      0
    29     22    323      0
    29     23    321      0
    29     27    319      0
    29     30    319      0
    29     36    322      0
    29     43    322      0
    29     48    318      0
    29     48    312      0
    29     47    308      0
    29     46    307      0
    29     47    299      0
    29     50    292      0
    29     54    287      0
    29     58    286      0
    29     63    289      0
    29     67    289      0
    29     72    284      0
    29     76    282      0
    30    152    286      0
    30    154    286      0
    30    156    288      0
    30    157    291      0
    30    154    296      0
    30    154    300      0
    30    156    303      0
    30    159    309      0
    30    159    311      0
    30    159    314      0
    30    153    321      0
    30    150    330      0
    30    148    332      0
    30    139    335      0
    30    136    338      0
    30    136    343      0
    30    134    348      0
    30    130    350      0
    30    124    351      0
    30    117    345      0
    30    108    339      0
    30    108    337      0
    30    112    334      0
    30    121    334      0
    30    123    333      0
    30    129    333      0
    30    133    331      0
    30    134    322      0
    30    136    318      0
    30    137    312      0
    30    133    305      0
    30    133    300      0
    30    135    296      0
    30    138    293      0
    30    147    290      0
    30    152    286      0
    31    254    307      0
    31    258    307      0
    31    261    309      0
    31    264    314      0
    31    265    318      0
    31    264    320      0
    31    259    324      0
    31    254    326      0
    31    250    324      0
    31    248    321      0
    31    248    313      0
    31    249    311      0
    31    254    307      0
    32    364    313      0
    32    372    313      0
    32    373    314      0
    32    378    314      0
    32    380    315      0
    32    381    316      0
    32    385    322      0
    32    396    322      0
    32    399    324      0
    32    401    328      0
    32    397    335      0
    32    388    340      0
    32    380    343      0
    32    377    345      0
    32    375    349      0
    32    372    353      0
    32    368    355      0
    32    364    353      0
    32    362    348      0
    32    367    330      0
    32    360    322      0
    32    360    317      0
    32    361    315      0
    32    364    313      0
    33    415    320      0
    33    418    320      0
    33    420    322      0
    33    421    324      0
    33    419    326      0
    33    417    327      0
    33    414    324      0
    33    415    320      0
    34    334    322      0
    34    336    322      0
    34    340    324      0
    34    343    327      0
    34    342    331      0
    34    338    333      0
    34    333    332      0
    34    330    330      0
    34    330    325      0
    34    334    322      0
    35     11    331      0
    35     12    332      0
    35     11    334      0
    35      8    334      0
    35      8    331      0
    35     11    330      0
    36    298    337      0
    36    303    337      0
    36    308    341      0
    36    309    342      0
    36    309    344      0
    36    310    348      0
    36    304    361      0
    36    300    365      0
    36    295    368      0
    36    290    369      0
    36    284    366      0
    36    283    367      0
    36    280    372      0
    36    269    373      0
    36    264    374      0
    36    260    374      0
    36    256    370      0
    36    256    366      0
    36    259    362      0
    36    264    362      0
    36    268    364      0
    36    279    364      0
    36    280    365      0
    36    283    365      0
    36    285    363      0
    36    285    360      0
    36    287    356      0
    36    288    345      0
    36    292    340      0
    36    298    337      0
    37     98    346      0
    37    104    346      0
    37    107    350      0
    37    108    354      0
    37    106    357      0
    37    102    359      0
    37     97    358      0
    37     95    356      0
    37     94    351      0
    37     98    346      0
    38    135    363      0
    38    137    363      0
    38    139    365      0
    38    141    369      0
    38    140    374      0
    38    137    378      0
    38    132    379      0
    38    129    377      0
    38    126    372      0
    38    126    369      0
    38    130    364      0
    38    135    362      0
    39    329    368      0
    39    333    368      0
    39    339    370      0
    39    347    370      0
    39    349    372      0
    39    347    374      0
    39    341    374      0
    39    338    374      0
    39    335    379      0
    39    331    384      0
    39    326    386      0
    39    322    384      0
    39    319    379      0
    39    319    375      0
    39    323    370      0
    39    329    368      0
    40    371    368      0
    40    375    368      0
    40    380    372      0
    40    381    375      0
    40    378    378      0
    40    376    379      0
    40    371    383      0
    40    367    384      0
    40    366    382      0
    40    365    377      0
    40    367    371      0
    40    371    368      0
    41     85    372      0
    41     92    372      0
    41    102    379      0
    41    107    384      0
    41    115    383      0
    41    125    388      0
    41    138    388      0
    41    142    390      0
    41    148    396      0
    41    152    399      0
    41    155    399      0
    41    160    395      0
    41    166    392      0
    41    171    395      0
    41    174    401      0
    41    175    405      0
    41    173    408      0
    41    168    411      0
    41    163    412      0
    41    159    413      0
    41    158    416      0
    41    159    420      0
    41    167    422      0
    41    171    426      0
    41    173    430      0
    41    174    434      0
    41    170    440      0
    41    165    444      0
    41    163    444      0
    41    161    444      0
    41    156    442      0
    41    153    438      0
    41    153    434      0
    41    151    431      0
    41    147    429      0
    41    142    429      0
    41    134    432      0
    41    125    432      0
    41    124    433      0
    41    123    440      0
    41    119    447      0
    41    119    451      0
    41    120    453      0
    41    124    454      0
    41    127    458      0
    41    123    468      0
    41    117    472      0
    41    113    471      0
    41    110    467      0
    41    110    461      0
    41    114    453      0
    41    114    451      0
    41    106    448      0
    41    102    447      0
    41    101    447      0
    41     97    452      0
    41     94    464      0
    41     91    467      0
    41     87    469      0
    41     84    471      0
    41     82    483      0
    41     83    485      0
    41     92    485      0
    41     93    486      0
    41     93    489      0
    41     86    492      0
    41     82    491      0
    41     82    485      0
    41     79    484      0
    41     75    484      0
    41     71    482      0
    41     70    479      0
    41     69    474      0
    41     70    471      0
    41     74    468      0
    41     78    463      0
    41     78    452      0
    41     80    444      0
    41     85    438      0
    41     85    432      0
    41     84    431      0
    41     84    427      0
    41     83    426      0
    41     83    418      0
    41     84    417      0
    41     84    414      0
    41     91    404      0
    41     91    400      0
    41     89    397      0
    41     85    396      0
    41     84    397      0
    41     84    406      0
    41     82    410      0
    41     72    418      0
    41     65    419      0
    41     63    417      0
    41     60    413      0
    41     60    402      0
    41     59    401      0
    41     59    396      0
    41     63    391      0
    41     72    388      0
    41     77    384      0
    41     81    375      0
    41     85    372      0
    42    286    375      0
    42    291    375      0
    42    295    377      0
    42    300    383      0
    42    309    386      0
    42    312    391      0
    42    313    400      0
    42    315    406      0
    42    314    412      0
    42    314    415      0
    42    319    418      0
    42    321    420      0
    42    322    425      0
    42    319    429      0
    42    314    430      0
    42    312    428      0
    42    307    421      0
    42    303    421      0
    42    299    422      0
    42    292    427      0
    42    288    427      0
    42    283    422      0
    42    280    414      0
    42    280    406      0
    42    280    403      0
    42    284    395      0
    42    284    392      0
    42    281    387      0
    42    281    379      0
    42    282    378      0
    42    286    375      0
    43     14    392      0
    43     18    392      0
    43     20    393      0
    43     23    398      0
    43     24    401      0
    43     23    402      0
    43     23    409      0
    43     26    413      0
    43     29    419      0
    43     30    425      0
    43     27    429      0
    43     23    431      0
    43     16    429      0
    43     13    423      0
    43     13    417      0
    43     15    413      0
    43     15    408      0
    43     12    406      0
    43      9    401      0
    43     10    395      0
    43     14    392      0
    44    193    440      0
    44    201    440      0
    44    205    442      0
    44    211    448      0
    44    219    448      0
    44    223    450      0
    44    227    453      0
    44    226    457      0
    44    222    461      0
    44    220    465      0
    44    221    471      0
    44    222    477      0
    44    234    481      0
    44    235    484      0
    44    235    488      0
    44    233    489      0
    44    222    490      0
    44    221    490      0
    44    216    491      0
    44    214    490      0
    44    213    488      0
    44    213    484      0
    44    217    478      0
    44    217    473      0
    44    215    472      0
    44    213    471      0
    44    209    470      0
    44    205    470      0
    44    201    468      0
    44    196    461      0
    44    193    458      0
    44    189    456      0
    44    185    451      0
    44    185    446      0
    44    187    444      0
    44    187    443      0
    44    193    440      0
    45    166    449      0
    45    167    449      0
    45    169    451      0
    45    170    454      0
    45    167    455      0
    45    166    454      0
    45    165    451      0
    45    166    449      0
    46    238    449      0
    46    242    449      0
    46    244    451      0
    46    245    454      0
    46    242    457      0
    46    239    457      0
    46    234    454      0
    46    238    449      0
    47     35    459      0
    47     38    459      0
    47     42    462      0
    47     50    477      0
    47     51    482      0
    47     49    484      0
    47     32    494      0
    47     28    493      0
    47     23    489      0
    47     20    483      0
    47     20    478      0
    47     27    471      0
    47     31    462      0
    47     35    459      0
    48    314    473      0
    48    322    473      0
    48    327    475      0
    48    333    478      0
    48    333    484      0
    48    328    490      0
    48    323    494      0
    48    318    495      0
    48    316    494      0
    48    309    487      0
    48    309    485      0
    48    307    482      0
    48    309    477      0
    48    314    473      0
    49    165    477      0
    49    169    477      0
    49    172    478      0
    49    173    480      0
    49    174    486      0
    49    171    489      0
    49    166    491      0
    49    164    490      0
    49    161    486      0
    49    161    481      0
    49    162    479      0
    49    165    477      0
    50    106    478      0
    50    111    478      0
    50    113    479      0
    50    117    482      0
    50    120    492      0
    50    122    496      0
    50    123    499      0
    50    120    503      0
    50    115    504      0
    50    113    502      0
    50    111    495      0
    50    103    491      0
    50    100    488      0
    50    100    484      0
    50    102    480      0
    50    106    478      0
    51    364    481      0
    51    370    481      0
    51    373    484      0
    51    374    490      0
    51    369    494      0
    51    364    495      0
    51    360    491      0
    51    359    487      0
    51    361    483      0
    51    364    482      0
