     1    251      5      0
     1    256      5      0
     1    259      9      0
     1    260     14      0
     1    259     16      0
     1    256     20      0
     1    254     24      0
     1    253     28      0
     1    248     33      0
     1    237     36      0
     1    235     37      0
     1    231     37      0
     1    230     34      0
     1    232     30      0
     1    234     22      0
     1    236     18      0
     1    243     13      0
     1    251      5      0
     2    329     14      0
     2    332     14      0
     2    337     18      0
     2    338     24      0
     2    337     26      0
     2    333     29      0
     2    327     30      0
     2    326     29      0
     2    324     28      0
     2    323     26      0
     2    322     21      0
     2    324     17      0
     2    329     14      0
     3    461     18      0
     3    464     18      0
     3    467     20      0
     3    468     22      0
     3    466     24      0
     3    460     25      0
     3    458     24      0
     3    457     21      0
     3    461     18      0
     4    277     20      0
     4    281     21      0
     4    284     25      0
     4    285     28      0
     4    283     32      0
     4    277     36      0
     4    274     42      0
     4    273     51      0
     4    274     55      0
     4    275     56      0
     4    279     61      0
     4    278     66      0
     4    274     69      0
     4    259     70      0
     4    256     68      0
     4    248     65      0
     4    246     59      0
     4    241     52      0
     4    241     47      0
     4    244     45      0
     4    256     45      0
     4    264     41      0
     4    270     36      0
     4    272     26      0
     4    274     22      0
     4    277     20      0
     5    351     20      0
     5    353     20      0
     5    358     23      0
     5    361     29      0
     5    360     35      0
     5    353     40      0
     5    344     45      0
     5    339     44      0
     5    337     42      0
     5    336     38      0
     5    340     30      0
     5    347     22      0
     5    351     20      0
     6    202     27      0
     6    205     27      0
     6    209     30      0
     6    210     32      0
     6    213     39      0
     6    214     43      0
     6    215     47      0
     6    213     51      0
     6    207     55      0
     6    199     56      0
     6    198     55      0
     6    195     56      0
     6    191     60      0
     6    177     68      0
     6    165     69      0
     6    163     67      0
     6    159     63      0
     6    160     56      0
     6    163     48      0
     6    169     45      0
     6    175     44      0
     6    182     42      0
     6    189     34      0
     6    190     32      0
     6    195     28      0
     6    199     27      0
     6    202     26      0
     7    417     28      0
     7    421     29      0
     7    423     31      0
     7    425     35      0
     7    424     39      0
     7    416     46      0
     7    414     44      0
     7    411     38      0
     7    412     32      0
     7    417     28      0
     8     37     37      0
     8     42     37      0
     8     45     38      0
     8     48     42      0
     8     52     52      0
     8     54     57      0
     8     56     62      0
     8     53     68      0
     8     48     74      0
     8     42     78      0
     8     40     75      0
     8     41     72      0
     8     41     67      0
     8     39     60      0
     8     35     56      0
     8     29     52      0
     8     26     49      0
     8     26     44      0
     8     27     42      0
     8     31     39      0
     8     35     38      0
     8     37     37      0
     9    308     53      0
     9    315     53      0
     9    316     54      0
     9    325     53      0
     9    327     54      0
     9    331     59      0
     9    332     63      0
     9    327     67      0
     9    314     67      0
     9    313     68      0
     9    314     78      0
     9    313     80      0
     9    311     88      0
     9    307     96      0
     9    302     99      0
     9    289     99      0
     9    287     98      0
     9    280     93      0
     9    279     89      0
     9    278     84      0
     9    279     82      0
     9    283     80      0
     9    292     80      0
     9    294     78      0
     9    299     72      0
     9    306     69      0
     9    308     67      0
     9    308     65      0
     9    305     60      0
     9    305     56      0
     9    308     53      0
    10    480     59      0
    10    484     60      0
    10    487     64      0
    10    489     69      0
    10    484     79      0
    10    484     88      0
    10    485     92      0
    10    488     96      0
    10    495     96      0
    10    497     97      0
    10    500    101      0
    10    500    105      0
    10    498    111      0
    10    493    116      0
    10    483    120      0
    10    479    126      0
    10    476    129      0
    10    471    131      0
    10    469    130      0
    10    464    125      0
    10    464    117      0
    10    466    114      0
    10    466    109      0
    10    463    107      0
    10    459    105      0
    10    456    102      0
    10    456     94      0
    10    459     87      0
    10    461     85      0
    10    464     85      0
    10    467     87      0
    10    472     87      0
    10    476     84      0
    10    476     79      0
    10    473     72      0
    10    472     64      0
    10    474     60      0
    10    480     58      0
    11    347     62      0
    11    350     62      0
    11    352     64      0
    11    352     67      0
    11    349     69      0
    11    345     70      0
    11    344     69      0
    11    344     66      0
    11    347     62      0
    12    124     65      0
    12    128     65      0
    12    134     68      0
    12    139     72      0
    12    142     78      0
    12    143     83      0
    12    144     87      0
    12    148     92      0
    12    151     98      0
    12    150    104      0
    12    145    108      0
    12    138    109      0
    12    130    104      0
    12    128    103      0
    12    123    103      0
    12    121    102      0
    12    117     98      0
    12    117     96      0
    12    111     84      0
    12    111     80      0
    12    116     71      0
    12    121     66      0
    12    124     65      0
    13    349     79      0
    13    351     79      0
    13    357     80      0
    13    362     90      0
    13    364     92      0
    13    370     92      0
    13    376     90      0
    13    383     92      0
    13    392     92      0
    13    396     90      0
    13    404     90      0
    13    406     91      0
    13    410     96      0
    13    411    105      0
    13    410    106      0
    13    410    111      0
    13    411    114      0
    13    414    117      0
    13    417    122      0
    13    417    127      0
    13    414    130      0
    13    409    132      0
    13    401    128      0
    13    397    128      0
    13    393    129      0
    13    392    129      0
    13    384    130      0
    13    383    130      0
    13    376    131      0
    13    368    122      0
    13    351    119      0
    13    346    115      0
    13    346    110      0
    13    351    102      0
    13    351     99      0
    13    345     88      0
    13    346     83      0
    13    349     79      0
    14    199     80      0
    14    201     80      0
    14    207     80      0
    14    211     85      0
    14    212     89      0
    14    209     93      0
    14    203     95      0
    14    199     93      0
    14    196     89      0
    14    196     84      0
    14    199     80      0
    15    428     83      0
    15    432     83      0
    15    433     84      0
    15    434     88      0
    15    431     92      0
    15    428     93      0
    15    424     89      0
    15    425     85      0
    15    428     83      0
    16    255     86      0
    16    259     86      0
    16    263     90      0
    16    264     95      0
    16    262     97      0
    16    255     99      0
    16    253     95      0
    16    253     88      0
    16    255     86      0
    17     55     90      0
    17     58     90      0
    17     60     91      0
    17     63     95      0
    17     64    100      0
    17     61    106      0
    17     55    112      0
    17     46    115      0
    17     42    119      0
    17     38    120      0
    17     36    119      0
    17     34    115      0
    17     36    110      0
    17     40    106      0
    17     43     99      0
    17     49     93      0
    17     55     90      0
    18    252    102      0
    18    253    102      0
    18    254    103      0
    18    256    109      0
    18    257    114      0
    18    255    117      0
    18    250    118      0
    18    248    117      0
    18    246    114      0
    18    246    108      0
    18    247    106      0
    18    252    102      0
    19    324    108      0
    19    325    108      0
    19    328    111      0
    19    332    119      0
    19    337    129      0
    19    338    135      0
    19    337    138      0
    19    333    146      0
    19    329    149      0
    19    325    150      0
    19    322    147      0
    19    322    131      0
    19    321    128      0
    19    316    122      0
    19    316    114      0
    19    317    112      0
    19    321    108      0
    19    324    107      0
    20    212    121      0
    20    215    121      0
    20    220    125      0
    20    223    131      0
    20    225    138      0
    20    224    141      0
    20    221    144      0
    20    216    145      0
    20    213    142      0
    20    207    132      0
    20    207    126      0
    20    208    124      0
    20    212    121      0
    21     46    124      0
    21     51    126      0
    21     52    128      0
    21     54    132      0
    21     53    135      0
    21     51    136      0
    21     46    137      0
    21     43    132      0
    21     43    128      0
    21     46    124      0
    22    291    142      0
    22    296    142      0
    22    306    148      0
    22    308    150      0
    22    300    155      0
    22    291    159      0
    22    290    160      0
    22    290    168      0
    22    287    173      0
    22    284    175      0
    22    278    180      0
    22    278    181      0
    22    264    194      0
    22    262    195      0
    22    258    195      0
    22    254    192      0
    22    252    188      0
    22    252    184      0
    22    254    180      0
    22    265    168      0
    22    270    165      0
    22    272    162      0
    22    277    158      0
    22    282    157      0
    22    284    156      0
    22    284    149      0
    22    286    145      0
    22    291    142      0
    23    459    144      0
    23    463    144      0
    23    465    145      0
    23    469    150      0
    23    466    157      0
    23    466    170      0
    23    463    177      0
    23    458    183      0
    23    450    189      0
    23    446    188      0
    23    442    184      0
    23    442    181      0
    23    448    170      0
    23    449    162      0
    23    448    160      0
    23    450    152      0
    23    455    146      0
    23    459    144      0
    24    181    150      0
    24    186    150      0
    24    188    152      0
    24    189    153      0
    24    189    155      0
    24    189    158      0
    24    184    162      0
    24    180    161      0
    24    179    158      0
    24    178    154      0
    24    181    150      0
    25    208    162      0
    25    214    162      0
    25    218    165      0
    25    221    170      0
    25    222    172      0
    25    223    177      0
    25    232    179      0
    25    236    181      0
    25    237    186      0
    25    234    192      0
    25    230    195      0
    25    225    196      0
    25    223    195      0
    25    217    189      0
    25    213    189      0
    25    205    192      0
    25    203    191      0
    25    195    182      0
    25    189    177      0
    25    189    176      0
    25    190    175      0
    25    196    174      0
    25    204    165      0
    25    208    162      0
    26    136    183      0
    26    146    188      0
    26    148    190      0
    26    149    192      0
    26    148    193      0
    26    145    194      0
    26    142    191      0
    26    138    190      0
    26    134    190      0
    26    132    187      0
    26    133    183      0
    26    136    182      0
    27    298    183      0
    27    301    184      0
    27    304    188      0
    27    305    192      0
    27    302    198      0
    27    299    200      0
    27    296    203      0
    27    289    217      0
    27    287    218      0
    27    282    216      0
    27    279    205      0
    27    280    198      0
    27    290    187      0
    27    298    183      0
    28     14    186      0
    28     18    186      0
    28     19    187      0
    28     23    192      0
    28     24    195      0
    28     22    199      0
    28     17    200      0
    28     15    199      0
    28     11    195      0
    28     11    189      0
    28     14    186      0
    29    376    191      0
    29    377    191      0
    29    381    194      0
    29    384    201      0
    29    391    207      0
    29    395    215      0
    29    395    217      0
    29    396    221      0
    29    395    223      0
    29    392    227      0
    29    387    231      0
    29    382    232      0
    29    378    228      0
    29    372    218      0
    29    362    214      0
    29    361    210      0
    29    367    198      0
    29    372    193      0
    29    376    191      0
    30     35    196      0
    30     40    198      0
    30     48    207      0
    30     50    208      0
    30     57    205      0
    30     61    205      0
    30     66    210      0
    30     67    211      0
    30     68    215      0
    30     68    220      0
    30     62    226      0
    30     62    233      0
    30     63    238      0
    30     67    244      0
    30     67    247      0
    30     66    249      0
    30     61    253      0
    30     55    253      0
    30     46    246      0
    30     45    242      0
    30     44    231      0
    30     50    219      0
    30     50    211      0
    30     49    210      0
    30     47    210      0
    30     41    214      0
    30     33    223      0
    30     28    225      0
    30     27    225      0
    30     25    225      0
    30     22    225      0
    30     21    224      0
    30     17    219      0
    30     17    210      0
    30     22    202      0
    30     25    202      0
    30     35    196      0
    31    189    201      0
    31    196    201      0
    31    197    202      0
    31    208    202      0
    31    210    205      0
    31    210    207      0
    31    206    214      0
    31    205    218      0
    31    205    230      0
    31    205    232      0
    31    206    242      0
    31    205    244      0
    31    202    248      0
    31    200    249      0
    31    199    249      0
    31    192    249      0
    31    180    255      0
    31    172    253      0
    31    171    248      0
    31    173    245      0
    31    175    244      0
    31    180    240      0
    31    180    237      0
    31    179    233      0
    31    178    224      0
    31    182    214      0
    31    182    210      0
    31    185    204      0
    31    189    201      0
    32    337    209      0
    32    340    210      0
    32    342    213      0
    32    343    218      0
    32    340    222      0
    32    336    223      0
    32    334    222      0
    32    330    217      0
    32    330    213      0
    32    332    210      0
    32    337    208      0
    33    408    209      0
    33    410    209      0
    33    413    211      0
    33    418    218      0
    33    426    221      0
    33    429    225      0
    33    430    232      0
    33    429    234      0
    33    429    238      0
    33    426    245      0
    33    421    250      0
    33    419    251      0
    33    416    252      0
    33    411    253      0
    33    406    251      0
    33    404    249      0
    33    402    245      0
    33    402    239      0
    33    407    231      0
    33    407    223      0
    33    405    222      0
    33    402    217      0
    33    403    213      0
    33    408    209      0
    34    267    221      0
    34    270    224      0
    34    274    231      0
    34    275    241      0
    34    272    251      0
    34    273    262      0
    34    270    267      0
    34    265    270      0
    34    253    273      0
    34    250    275      0
    34    250    280      0
    34    248    281      0
    34    249    272      0
    34    245    264      0
    34    245    259      0
    34    248    253      0
    34    256    245      0
    34    261    237      0
    34    261    227      0
    34    263    223      0
    34    267    220      0
    35    338    230      0
    35    339    230      0
    35    343    234      0
    35    344    237      0
    35    339    238      0
    35    336    236      0
    35    336    232      0
    35    338    230      0
    36    480    235      0
    36    485    235      0
    36    487    237      0
    36    490    242      0
    36    494    252      0
    36    497    259      0
    36    498    262      0
    36    497    264      0
    36    494    266      0
    36    491    270      0
    36    489    281      0
    36    487    285      0
    36    485    286      0
    36    476    287      0
    36    473    286      0
    36    469    287      0
    36    464    293      0
    36    459    295      0
    36    453    292      0
    36    449    284      0
    36    448    275      0
    36    451    267      0
    36    451    262      0
    36    446    256      0
    36    446    250      0
    36    448    245      0
    36    450    242      0
    36    454    240      0
    36    455    241      0
    36    461    241      0
    36    467    238      0
    36    472    237      0
    36    478    236      0
    36    480    235      0
    37    129    244      0
    37    133    244      0
    37    138    248      0
    37    139    255      0
    37    137    259      0
    37    133    261      0
    37    128    262      0
    37    123    260      0
    37    122    258      0
    37    122    252      0
    37    124    248      0
    37    129    244      0
    38     55    279      0
    38     57    279      0
    38     60    280      0
    38     63    283      0
    38     64    286      0
    38     61    288      0
    38     57    289      0
    38     55    288      0
    38     52    284      0
    38     55    279      0
    39    161    279      0
    39    168    279      0
    39    171    283      0
    39    172    288      0
    39    171    290      0
    39    164    296      0
    39    158    299      0
    39    154    299      0
    39    152    295      0
    39    153    291      0
    39    159    280      0
    39    161    279      0
    40    328    280      0
    40    331    280      0
    40    333    281      0
    40    336    290      0
    40    341    290      0
    40    347    287      0
    40    351    288      0
    40    355    292      0
    40    356    295      0
    40    353    297      0
    40    346    299      0
    40    342    300      0
    40    340    303      0
    40    335    307      0
    40    330    308      0
    40    328    307      0
    40    326    304      0
    40    326    296      0
    40    327    295      0
    40    326    290      0
    40    324    289      0
    40    324    284      0
    40    325    282      0
    40    328    280      0
    41    379    286      0
    41    383    286      0
    41    384    287      0
    41    386    287      0
    41    393    292      0
    41    396    296      0
    41    397    303      0
    41    393    306      0
    41    382    307      0
    41    376    311      0
    41    370    312      0
    41    367    310      0
    41    365    306      0
    41    362    300      0
    41    363    296      0
    41    369    291      0
    41    379    286      0
    42    237    296      0
    42    240    296      0
    42    243    300      0
    42    244    311      0
    42    243    313      0
    42    239    316      0
    42    233    318      0
    42    229    313      0
    42    229    306      0
    42    231    302      0
    42    237    296      0
    43    294    305      0
    43    297    305      0
    43    301    308      0
    43    307    321      0
    43    307    323      0
    43    308    335      0
    43    310    343      0
    43    309    346      0
    43    307    350      0
    43    304    352      0
    43    299    356      0
    43    299    360      0
    43    303    370      0
    43    304    373      0
    43    301    378      0
    43    295    381      0
    43    285    381      0
    43    284    382      0
    43    284    383      0
    43    288    393      0
    43    289    398      0
    43    290    400      0
    43    298    402      0
    43    300    405      0
    43    301    409      0
    43    299    413      0
    43    297    414      0
    43    293    415      0
    43    289    412      0
    43    288    408      0
    43    285    405      0
    43    279    406      0
    43    276    408      0
    43    273    416      0
    43    259    429      0
    43    256    430      0
    43    253    427      0
    43    251    423      0
    43    251    414      0
    43    252    412      0
    43    256    407      0
    43    261    404      0
    43    265    403      0
    43    268    400      0
    43    268    396      0
    43    265    394      0
    43    264    393      0
    43    258    389      0
    43    255    383      0
    43    255    377      0
    43    262    375      0
    43    266    373      0
    43    269    368      0
    43    271    357      0
    43    273    352      0
    43    280    348      0
    43    286    347      0
    43    288    345      0
    43    288    338      0
    43    285    333      0
    43    285    326      0
    43    286    324      0
    43    289    314      0
    43    289    310      0
    43    290    308      0
    43    294    305      0
    44    404    306      0
    44    408    307      0
    44    410    310      0
    44    410    312      0
    44    406    315      0
    44    401    316      0
    44    398    312      0
    44    400    308      0
    44    404    306      0
    45    254    314      0
    45    257    314      0
    45    259    315      0
    45    262    319      0
    45    263    325      0
    45    261    328      0
    45    256    327      0
    45    252    323      0
    45    251    317      0
    45    254    314      0
    46    453    327      0
    46    459    327      0
    46    461    328      0
    46    470    338      0
    46    474    339      0
    46    477    342      0
    46    479    345      0
    46    480    349      0
    46    476    353      0
    46    470    355      0
    46    467    354      0
    46    461    348      0
    46    458    348      0
    46    448    358      0
    46    444    359      0
    46    439    358      0
    46    436    354      0
    46    436    349      0
    46    437    346      0
    46    445    338      0
    46    448    331      0
    46    453    327      0
    47    192    330      0
    47    193    332      0
    47    192    335      0
    47    189    336      0
    47    189    333      0
    47    192    329      0
    48    171    336      0
    48    174    336      0
    48    184    343      0
    48    185    353      0
    48    184    356      0
    48    182    358      0
    48    176    360      0
    48    170    357      0
    48    165    352      0
    48    165    346      0
    48    167    341      0
    48    171    336      0
    49    221    337      0
    49    223    337      0
    49    233    342      0
    49    236    347      0
    49    237    354      0
    49    234    358      0
    49    227    359      0
    49    225    357      0
    49    219    353      0
    49    216    346      0
    49    216    341      0
    49    217    339      0
    49    221    337      0
    50    105    343      0
    50    110    343      0
    50    114    347      0
    50    115    352      0
    50    112    358      0
    50    112    362      0
    50    116    369      0
    50    117    372      0
    50    113    375      0
    50    111    375      0
    50    109    375      0
    50    101    365      0
    50     99    364      0
    50     91    362      0
    50     87    358      0
    50     87    352      0
    50     91    348      0
    50     99    346      0
    50    105    343      0
    51    147    353      0
    51    149    353      0
    51    151    355      0
    51    151    356      0
    51    147    360      0
    51    144    361      0
    51    143    360      0
    51    143    357      0
    51    147    353      0
    52    488    354      0
    52    491    354      0
    52    493    356      0
    52    494    357      0
    52    493    361      0
    52    491    362      0
    52    486    363      0
    52    485    361      0
    52    485    357      0
    52    486    355      0
    52    488    354      0
    53    190    368      0
    53    194    368      0
    53    198    370      0
    53    199    371      0
    53    206    378      0
    53    209    384      0
    53    207    388      0
    53    203    390      0
    53    198    391      0
    53    194    389      0
    53    180    389      0
    53    179    388      0
    53    177    387      0
    53    176    382      0
    53    175    375      0
    53    178    371      0
    53    183    369      0
    53    188    369      0
    53    190    368      0
    54    439    374      0
    54    441    374      0
    54    444    374      0
    54    446    376      0
    54    447    380      0
    54    444    382      0
    54    439    381      0
    54    438    376      0
    54    439    374      0
    55    380    375      0
    55    385    375      0
    55    388    376      0
    55    390    379      0
    55    391    391      0
    55    390    392      0
    55    390    395      0
    55    382    411      0
    55    377    417      0
    55    372    419      0
    55    368    417      0
    55    366    414      0
    55    361    401      0
    55    361    396      0
    55    362    395      0
    55    363    387      0
    55    366    382      0
    55    370    379      0
    55    380    375      0
    56    486    381      0
    56    488    381      0
    56    493    385      0
    56    494    390      0
    56    489    394      0
    56    484    394      0
    56    481    390      0
    56    482    384      0
    56    486    381      0
    57    465    386      0
    57    470    387      0
    57    474    392      0
    57    475    398      0
    57    474    399      0
    57    474    401      0
    57    471    405      0
    57    464    408      0
    57    459    406      0
    57    457    403      0
    57    457    394      0
    57    460    389      0
    57    465    386      0
    58    341    401      0
    58    344    401      0
    58    348    403      0
    58    350    406      0
    58    352    411      0
    58    349    417      0
    58    345    419      0
    58    341    420      0
    58    337    418      0
    58    334    413      0
    58    334    407      0
    58    336    404      0
    58    341    401      0
    59    398    406      0
    59    405    406      0
    59    411    411      0
    59    412    413      0
    59    410    417      0
    59    410    421      0
    59    419    431      0
    59    432    430      0
    59    434    432      0
    59    435    438      0
    59    434    442      0
    59    429    448      0
    59    425    449      0
    59    419    445      0
    59    414    445      0
    59    410    446      0
    59    401    447      0
    59    400    446      0
    59    396    446      0
    59    395    448      0
    59    391    457      0
    59    389    458      0
    59    385    459      0
    59    382    457      0
    59    378    457      0
    59    369    461      0
    59    357    467      0
    59    350    468      0
    59    343    465      0
    59    333    455      0
    59    333    453      0
    59    334    449      0
    59    347    438      0
    59    355    436      0
    59    359    430      0
    59    362    428      0
    59    367    428      0
    59    370    430      0
    59    375    438      0
    59    379    443      0
    59    381    443      0
    59    385    442      0
    59    399    430      0
    59    403    425      0
    59    403    422      0
    59    401    421      0
    59    397    418      0
    59    395    415      0
    59    395    409      0
    59    398    406      0
    60    478    406      0
    60    482    406      0
    60    484    407      0
    60    486    410      0
    60    487    413      0
    60    486    415      0
    60    483    417      0
    60    479    417      0
    60    475    415      0
    60    475    408      0
    60    478    406      0
    61    225    408      0
    61    229    409      0
    61    232    412      0
    61    233    421      0
    61    240    428      0
    61    241    439      0
    61    242    441      0
    61    252    451      0
    61    252    453      0
    61    253    458      0
    61    250    464      0
    61    248    465      0
    61    240    466      0
    61    236    463      0
    61    235    460      0
    61    226    450      0
    61    223    442      0
    61    223    433      0
    61    225    430      0
    61    230    426      0
    61    231    423      0
    61    226    420      0
    61    222    415      0
    61    222    411      0
    61    223    409      0
    61    225    408      0
    62    439    408      0
    62    443    408      0
    62    445    409      0
    62    447    413      0
    62    448    417      0
    62    446    421      0
    62    441    425      0
    62    436    426      0
    62    434    423      0
    62    434    415      0
    62    435    414      0
    62    435    412      0
    62    439    408      0
    63    149    411      0
    63    151    411      0
    63    153    412      0
    63    159    423      0
    63    158    427      0
    63    156    428      0
    63    151    427      0
    63    148    422      0
    63    147    414      0
    63    149    411      0
    64    106    441      0
    64    109    441      0
    64    121    447      0
    64    125    451      0
    64    126    456      0
    64    121    462      0
    64    114    463      0
    64    113    462      0
    64    107    461      0
    64    106    461      0
    64    101    463      0
    64     96    459      0
    64     96    454      0
    64    101    450      0
    64    102    446      0
    64    106    441      0
    65    277    445      0
    65    280    445      0
    65    285    449      0
    65    286    453      0
    65    285    455      0
    65    280    459      0
    65    276    459      0
    65    274    456      0
    65    274    451      0
    65    277    445      0
    66    139    448      0
    66    141    449      0
    66    145    453      0
    66    145    455      0
    66    143    455      0
    66    138    452      0
    66    138    450      0
    66    139    448      0
    67    465    449      0
    67    468    449      0
    67    470    451      0
    67    471    456      0
    67    467    459      0
    67    463    460      0
    67    462    457      0
    67    463    451      0
    67    465    449      0
    68    455    462      0
    68    461    462      0
    68    462    465      0
    68    463    474      0
    68    460    477      0
    68    455    479      0
    68    451    477      0
    68    449    474      0
    68    449    469      0
    68    450    466      0
    68    455    462      0
    69    486    470      0
    69    493    472      0
    69    496    476      0
    69    494    481      0
    69    492    482      0
    69    486    483      0
    69    484    482      0
    69    480    477      0
    69    481    472      0
    69    486    470      0
    70    165    471      0
    70    168    472      0
    70    176    472      0
    70    178    471      0
    70    186    472      0
    70    197    477      0
    70    201    482      0
    70    202    488      0
    70    199    491      0
    70    194    492      0
    70    188    489      0
    70    181    489      0
    70    179    490      0
    70    167    487      0
    70    162    484      0
    70    159    478      0
    70    160    474      0
    70    163    472      0
    70    165    471      0
    71    313    471      0
    71    319    471      0
    71    321    472      0
    71    325    477      0
    71    326    483      0
    71    324    487      0
    71    317    492      0
    71    309    493      0
    71    306    490      0
    71    304    486      0
    71    304    480      0
    71    306    477      0
    71    313    471      0
    72    230    488      0
    72    231    488      0
    72    235    492      0
    72    235    497      0
    72    232    502      0
    72    226    503      0
    72    222    499      0
    72    222    494      0
    72    224    492      0
    72    230    489      0
