     1    107     11      0
     1    111     11      0
     1    112     12      0
     1    114     16      0
     1    114     23      0
     1    112     27      0
     1    109     29      0
     1    102     30      0
     1    100     29      0
     1     96     24      0
     1     99     17      0
     1    102     14      0
     1    107     11      0
     2    264     12      0
     2    268     12      0
     2    272     14      0
     2    279     22      0
     2    285     25      0
     2    291     26      0
     2    295     23      0
     2    301     20      0
     2    314     20      0
     2    315     21      0
     2    318     21      0
     2    322     24      0
     2    324     28      0
     2    319     38      0
     2    317     45      0
     2    317     47      0
     2    319     55      0
     2    316     59      0
     2    310     63      0
     2    304     64      0
     2    292     58      0
     2    290     58      0
     2    288     59      0
     2    288     72      0
     2    287     73      0
     2    287     83      0
     2    284     90      0
     2    284     92      0
     2    289     92      0
     2    297     88      0
     2    301     84      0
     2    301     75      0
     2    302     73      0
     2    306     70      0
     2    313     70      0
     2    317     72      0
     2    321     75      0
     2    324     80      0
     2    325     88      0
     2    327     94      0
     2    329    101      0
     2    330    103      0
     2    335    104      0
     2    338    109      0
     2    339    114      0
     2    341    118      0
     2    349    121      0
     2    351    124      0
     2    352    129      0
     2    349    135      0
     2    345    139      0
     2    339    143      0
     2    334    146      0
     2    330    144      0
     2    328    142      0
     2    328    136      0
     2    321    130      0
     2    321    120      0
     2    322    119      0
     2    322    115      0
     2    319    112      0
     2    308    112      0
     2    306    111      0
     2    302    110      0
     2    297    110      0
     2    292    115      0
     2    286    118      0
     2    280    118      0
     2    277    114      0
     2    275    109      0
     2    275    103      0
     2    277     98      0
     2    278     96      0
     2    280     94      0
     2    281     92      0
     2    280     91      0
     2    278     90      0
     2    274     91      0
     2    271     95      0
     2    266    103      0
     2    265    114      0
     2    262    120      0
     2    259    130      0
     2    259    136      0
     2    258    140      0
     2    255    145      0
     2    251    148      0
     2    247    152      0
     2    246    156      0
     2    241    167      0
     2    239    169      0
     2    232    162      0
     2    227    159      0
     2    223    154      0
     2    218    150      0
     2    214    150      0
     2    213    151      0
     2    208    154      0
     2    204    155      0
     2    198    157      0
     2    194    161      0
     2    192    165      0
     2    183    176      0
     2    183    180      0
     2    183    182      0
     2    189    190      0
     2    196    196      0
     2    200    197      0
     2    202    196      0
     2    207    196      0
     2    208    197      0
     2    210    197      0
     2    214    202      0
     2    215    209      0
     2    211    217      0
     2    211    219      0
     2    213    226      0
     2    214    230      0
     2    218    240      0
     2    219    245      0
     2    217    248      0
     2    211    252      0
     2    196    268      0
     2    191    270      0
     2    189    272      0
     2    189    277      0
     2    189    279      0
     2    190    282      0
     2    190    284      0
     2    196    287      0
     2    199    292      0
     2    200    295      0
     2    199    297      0
     2    194    301      0
     2    186    302      0
     2    181    296      0
     2    175    296      0
     2    174    297      0
     2    168    300      0
     2    163    301      0
     2    161    303      0
     2    161    309      0
     2    158    315      0
     2    152    318      0
     2    147    318      0
     2    142    314      0
     2    140    313      0
     2    140    311      0
     2    136    308      0
     2    135    306      0
     2    135    297      0
     2    138    291      0
     2    141    278      0
     2    145    273      0
     2    148    272      0
     2    159    273      0
     2    163    271      0
     2    166    272      0
     2    171    272      0
     2    175    270      0
     2    181    269      0
     2    183    267      0
     2    183    257      0
     2    178    253      0
     2    173    253      0
     2    169    259      0
     2    166    261      0
     2    162    262      0
     2    160    260      0
     2    160    254      0
     2    163    247      0
     2    162    246      0
     2    158    244      0
     2    153    242      0
     2    145    235      0
     2    136    232      0
     2    131    228      0
     2    128    223      0
     2    128    216      0
     2    132    208      0
     2    136    204      0
     2    142    201      0
     2    146    198      0
     2    152    190      0
     2    152    183      0
     2    145    178      0
     2    144    174      0
     2    142    166      0
     2    139    163      0
     2    135    161      0
     2    130    157      0
     2    127    150      0
     2    124    150      0
     2    118    152      0
     2    110    153      0
     2    109    152      0
     2    106    152      0
     2    101    154      0
     2     95    155      0
     2     92    152      0
     2     92    145      0
     2     94    141      0
     2     98    137      0
     2     99    137      0
     2    103    135      0
     2    111    135      0
     2    113    134      0
     2    117    134      0
     2    118    135      0
     2    122    136      0
     2    127    141      0
     2    128    141      0
     2    131    139      0
     2    134    133      0
     2    140    128      0
     2    140    114      0
     2    139    111      0
     2    133    106      0
     2    133    104      0
     2    131    100      0
     2    132     92      0
     2    136     84      0
     2    136     81      0
     2    135     80      0
     2    135     56      0
     2    142     42      0
     2    146     32      0
     2    152     27      0
     2    156     21      0
     2    158     22      0
     2    158     25      0
     2    159     29      0
     2    160     30      0
     2    166     35      0
     2    170     40      0
     2    172     47      0
     2    171     48      0
     2    171     54      0
     2    164     65      0
     2    164     70      0
     2    167     79      0
     2    168     85      0
     2    168     87      0
     2    172     87      0
     2    179     85      0
     2    183     86      0
     2    187     90      0
     2    189     92      0
     2    192     97      0
     2    199     97      0
     2    200     98      0
     2    205     98      0
     2    207     96      0
     2    207     93      0
     2    208     92      0
     2    210     88      0
     2    216     85      0
     2    218     86      0
     2    221     86      0
     2    222     87      0
     2    226     89      0
     2    235     94      0
     2    237     97      0
     2    239    105      0
     2    240    107      0
     2    243    107      0
     2    244    105      0
     2    247     96      0
     2    247     92      0
     2    245     85      0
     2    242     79      0
     2    237     74      0
     2    234     73      0
     2    227     74      0
     2    226     73      0
     2    227     69      0
     2    227     62      0
     2    228     61      0
     2    228     58      0
     2    237     43      0
     2    237     30      0
     2    241     25      0
     2    252     21      0
     2    259     15      0
     2    264     12      0
     3     84     21      0
     3     86     21      0
     3     90     23      0
     3     92     26      0
     3     91     31      0
     3     86     34      0
     3     81     33      0
     3     79     28      0
     3     80     23      0
     3     84     21      0
     4     46     33      0
     4     50     33      0
     4     54     37      0
     4     56     40      0
     4     57     43      0
     4     65     45      0
     4     69     49      0
     4     70     53      0
     4     69     55      0
     4     65     57      0
     4     61     55      0
     4     59     49      0
     4     55     44      0
     4     48     42      0
     4     46     39      0
     4     45     35      0
     4     46     33      0
     5    471     38      0
     5    477     38      0
     5    481     40      0
     5    484     45      0
     5    485     48      0
     5    484     51      0
     5    479     58      0
     5    477     65      0
     5    482     75      0
     5    482     78      0
     5    479     83      0
     5    474     86      0
     5    469     88      0
     5    466     91      0
     5    465     93      0
     5    466    105      0
     5    463    112      0
     5    460    115      0
     5    457    121      0
     5    454    125      0
     5    449    129      0
     5    444    130      0
     5    442    129      0
     5    438    126      0
     5    436    125      0
     5    431    118      0
     5    429    107      0
     5    426    104      0
     5    423    104      0
     5    423    105      0
     5    421    111      0
     5    417    116      0
     5    410    120      0
     5    405    121      0
     5    398    116      0
     5    390    116      0
     5    388    115      0
     5    380    113      0
     5    378    113      0
     5    377    114      0
     5    377    116      0
     5    373    124      0
     5    373    127      0
     5    375    129      0
     5    380    133      0
     5    384    133      0
     5    387    132      0
     5    399    129      0
     5    405    126      0
     5    409    127      0
     5    415    133      0
     5    418    133      0
     5    422    131      0
     5    427    131      0
     5    431    134      0
     5    434    138      0
     5    433    143      0
     5    429    148      0
     5    428    152      0
     5    428    154      0
     5    432    163      0
     5    433    166      0
     5    435    167      0
     5    439    168      0
     5    442    173      0
     5    443    176      0
     5    444    178      0
     5    447    179      0
     5    454    174      0
     5    460    174      0
     5    463    177      0
     5    464    183      0
     5    463    184      0
     5    457    196      0
     5    457    200      0
     5    457    202      0
     5    458    215      0
     5    457    216      0
     5    457    221      0
     5    455    225      0
     5    451    230      0
     5    445    232      0
     5    440    232      0
     5    426    232      0
     5    424    232      0
     5    414    233      0
     5    407    236      0
     5    400    237      0
     5    395    232      0
     5    395    229      0
     5    394    228      0
     5    394    218      0
     5    393    217      0
     5    394    214      0
     5    394    211      0
     5    397    206      0
     5    397    203      0
     5    395    202      0
     5    383    196      0
     5    381    196      0
     5    380    197      0
     5    380    207      0
     5    377    213      0
     5    372    217      0
     5    367    219      0
     5    363    217      0
     5    355    207      0
     5    349    207      0
     5    348    206      0
     5    344    205      0
     5    340    201      0
     5    339    199      0
     5    339    192      0
     5    341    188      0
     5    344    185      0
     5    356    179      0
     5    357    178      0
     5    361    173      0
     5    361    170      0
     5    362    168      0
     5    364    157      0
     5    365    149      0
     5    371    141      0
     5    372    137      0
     5    371    136      0
     5    372    126      0
     5    365    124      0
     5    360    119      0
     5    358    110      0
     5    354    106      0
     5    350    104      0
     5    345     99      0
     5    343     94      0
     5    336     88      0
     5    336     84      0
     5    337     82      0
     5    339     81      0
     5    347     85      0
     5    360     85      0
     5    363     84      0
     5    367     80      0
     5    368     78      0
     5    372     73      0
     5    378     70      0
     5    384     71      0
     5    387     74      0
     5    397     84      0
     5    412     85      0
     5    415     82      0
     5    417     78      0
     5    421     76      0
     5    430     74      0
     5    432     72      0
     5    438     68      0
     5    449     65      0
     5    455     66      0
     5    459     62      0
     5    457     57      0
     5    457     50      0
     5    458     48      0
     5    463     43      0
     5    471     38      0
     6     89     44      0
     6     91     44      0
     6     96     48      0
     6     97     53      0
     6     95     56      0
     6     89     60      0
     6     85     59      0
     6     84     52      0
     6     85     50      0
     6     86     46      0
     6     89     44      0
     7     25     53      0
     7     30     53      0
     7     33     54      0
     7     36     58      0
     7     37     65      0
     7     35     69      0
     7     31     71      0
     7     24     70      0
     7     19     65      0
     7     18     63      0
     7     18     58      0
     7     22     54      0
     7     23     54      0
     7     25     53      0
     8    100     73      0
     8    104     73      0
     8    106     74      0
     8    110     78      0
     8    111     84      0
     8    110     86      0
     8    105     90      0
     8     99     91      0
     8     97     90      0
     8     93     85      0
     8     93     79      0
     8     95     76      0
     8    100     73      0
     9    505     91      0
     9    506     91      0
     9    508     95      0
     9    509    108      0
     9    505    109      0
     9    502    106      0
     9    502     99      0
     9    504     95      0
     9    505     91      0
    10    469    117      0
    10    471    117      0
    10    472    118      0
    10    475    123      0
    10    476    128      0
    10    475    129      0
    10    471    129      0
    10    468    125      0
    10    467    119      0
    10    469    117      0
    11     53    131      0
    11     59    131      0
    11     63    135      0
    11     65    139      0
    11     66    146      0
    11     64    149      0
    11     61    153      0
    11     57    155      0
    11     52    156      0
    11     49    153      0
    11     48    150      0
    11     48    144      0
    11     48    142      0
    11     48    136      0
    11     50    133      0
    11     53    131      0
    12    491    133      0
    12    496    133      0
    12    498    134      0
    12    500    137      0
    12    501    142      0
    12    497    149      0
    12    494    151      0
    12    490    150      0
    12    486    146      0
    12    483    140      0
    12    485    136      0
    12    491    133      0
    13     19    141      0
    13     23    141      0
    13     26    145      0
    13     25    149      0
    13     24    150      0
    13     19    151      0
    13     17    150      0
    13     16    148      0
    13     16    145      0
    13     19    141      0
    14    291    141      0
    14    294    141      0
    14    297    144      0
    14    298    148      0
    14    296    150      0
    14    292    151      0
    14    290    151      0
    14    287    147      0
    14    289    142      0
    14    291    141      0
    15    331    162      0
    15    332    162      0
    15    334    164      0
    15    335    167      0
    15    334    169      0
    15    330    170      0
    15    328    167      0
    15    331    162      0
    16     37    167      0
    16     39    167      0
    16     39    168      0
    16     37    174      0
    16     28    179      0
    16     25    182      0
    16     21    184      0
    16     16    183      0
    16     15    181      0
    16     15    177      0
    16     21    170      0
    16     23    169      0
    16     33    169      0
    16     37    167      0
    17    496    168      0
    17    502    168      0
    17    505    172      0
    17    505    174      0
    17    499    178      0
    17    492    179      0
    17    491    178      0
    17    490    173      0
    17    491    171      0
    17    496    168      0
    18    101    188      0
    18    108    188      0
    18    112    190      0
    18    114    193      0
    18    115    199      0
    18    114    201      0
    18    110    206      0
    18    105    209      0
    18     97    210      0
    18     93    207      0
    18     90    202      0
    18     90    197      0
    18     91    196      0
    18     91    194      0
    18     95    190      0
    18     99    189      0
    18    101    188      0
    19    496    190      0
    19    500    190      0
    19    502    191      0
    19    504    194      0
    19    506    201      0
    19    508    204      0
    19    509    215      0
    19    508    217      0
    19    505    226      0
    19    505    234      0
    19    502    237      0
    19    500    233      0
    19    499    229      0
    19    492    220      0
    19    490    219      0
    19    484    214      0
    19    480    206      0
    19    480    199      0
    19    481    197      0
    19    485    193      0
    19    486    193      0
    19    490    191      0
    19    494    191      0
    19    496    190      0
    20    271    191      0
    20    276    191      0
    20    278    193      0
    20    281    198      0
    20    282    201      0
    20    282    203      0
    20    283    210      0
    20    282    211      0
    20    282    217      0
    20    289    227      0
    20    292    227      0
    20    298    230      0
    20    301    234      0
    20    301    238      0
    20    296    242      0
    20    292    241      0
    20    289    237      0
    20    288    230      0
    20    287    229      0
    20    285    228      0
    20    282    231      0
    20    279    235      0
    20    276    245      0
    20    275    254      0
    20    265    270      0
    20    265    277      0
    20    265    279      0
    20    266    282      0
    20    266    284      0
    20    267    292      0
    20    271    297      0
    20    272    297      0
    20    275    302      0
    20    278    308      0
    20    282    313      0
    20    286    313      0
    20    290    312      0
    20    307    306      0
    20    310    302      0
    20    310    293      0
    20    311    292      0
    20    311    287      0
    20    312    286      0
    20    314    278      0
    20    314    268      0
    20    310    264      0
    20    306    262      0
    20    303    256      0
    20    303    250      0
    20    304    249      0
    20    305    245      0
    20    312    238      0
    20    316    236      0
    20    320    236      0
    20    324    238      0
    20    330    245      0
    20    332    245      0
    20    334    241      0
    20    332    235      0
    20    332    233      0
    20    331    232      0
    20    332    224      0
    20    335    220      0
    20    342    216      0
    20    345    216      0
    20    347    217      0
    20    350    221      0
    20    353    233      0
    20    353    245      0
    20    350    254      0
    20    349    260      0
    20    349    263      0
    20    356    264      0
    20    359    265      0
    20    362    270      0
    20    362    273      0
    20    356    281      0
    20    352    289      0
    20    346    293      0
    20    337    295      0
    20    335    296      0
    20    334    299      0
    20    339    304      0
    20    340    307      0
    20    338    311      0
    20    334    312      0
    20    331    305      0
    20    329    305      0
    20    326    306      0
    20    318    312      0
    20    317    314      0
    20    317    320      0
    20    316    321      0
    20    315    326      0
    20    311    331      0
    20    308    332      0
    20    301    333      0
    20    295    332      0
    20    289    332      0
    20    288    332      0
    20    280    328      0
    20    271    328      0
    20    267    325      0
    20    264    320      0
    20    263    311      0
    20    256    293      0
    20    251    290      0
    20    248    290      0
    20    241    295      0
    20    238    296      0
    20    235    293      0
    20    235    289      0
    20    236    287      0
    20    240    282      0
    20    242    278      0
    20    243    270      0
    20    239    264      0
    20    239    259      0
    20    246    249      0
    20    247    247      0
    20    247    229      0
    20    244    227      0
    20    242    226      0
    20    236    219      0
    20    232    210      0
    20    235    207      0
    20    239    206      0
    20    248    196      0
    20    253    196      0
    20    257    198      0
    20    262    199      0
    20    271    191      0
    21     63    237      0
    21     67    237      0
    21     69    239      0
    21     71    243      0
    21     70    248      0
    21     70    253      0
    21     73    259      0
    21     75    267      0
    21     76    270      0
    21     81    272      0
    21     93    285      0
    21     96    291      0
    21     93    297      0
    21     90    300      0
    21     84    303      0
    21     71    304      0
    21     68    305      0
    21     62    306      0
    21     58    303      0
    21     52    303      0
    21     50    304      0
    21     49    307      0
    21     52    313      0
    21     56    317      0
    21     62    318      0
    21     67    320      0
    21     72    328      0
    21     74    332      0
    21     79    342      0
    21     80    350      0
    21     77    356      0
    21     72    358      0
    21     64    359      0
    21     56    355      0
    21     48    352      0
    21     44    353      0
    21     40    355      0
    21     34    357      0
    21     26    362      0
    21     20    363      0
    21     18    362      0
    21     16    358      0
    21     18    352      0
    21     23    348      0
    21     25    345      0
    21     27    337      0
    21     30    328      0
    21     30    326      0
    21     27    323      0
    21     20    319      0
    21     16    314      0
    21     16    307      0
    21     20    301      0
    21     21    301      0
    21     27    294      0
    21     38    286      0
    21     42    280      0
    21     42    271      0
    21     38    261      0
    21     38    255      0
    21     40    251      0
    21     45    248      0
    21     55    248      0
    21     57    247      0
    21     59    241      0
    21     63    237      0
    22    100    254      0
    22    103    254      0
    22    105    257      0
    22    103    259      0
    22    100    260      0
    22     98    257      0
    22    100    254      0
    23    474    260      0
    23    475    260      0
    23    479    262      0
    23    480    264      0
    23    478    266      0
    23    474    267      0
    23    472    263      0
    23    474    260      0
    24    119    275      0
    24    121    275      0
    24    128    278      0
    24    131    282      0
    24    132    287      0
    24    131    288      0
    24    129    292      0
    24    125    295      0
    24    117    296      0
    24    112    292      0
    24    109    287      0
    24    109    282      0
    24    111    278      0
    24    119    275      0
    25    486    277      0
    25    491    277      0
    25    494    278      0
    25    496    281      0
    25    497    294      0
    25    496    295      0
    25    496    297      0
    25    491    301      0
    25    483    304      0
    25    481    306      0
    25    481    307      0
    25    482    311      0
    25    491    328      0
    25    494    331      0
    25    497    335      0
    25    498    340      0
    25    496    343      0
    25    492    346      0
    25    485    349      0
    25    473    343      0
    25    467    342      0
    25    464    341      0
    25    459    337      0
    25    458    332      0
    25    454    325      0
    25    451    325      0
    25    449    326      0
    25    449    331      0
    25    454    346      0
    25    455    351      0
    25    452    355      0
    25    446    358      0
    25    441    361      0
    25    438    368      0
    25    438    375      0
    25    437    378      0
    25    435    379      0
    25    434    379      0
    25    432    379      0
    25    430    379      0
    25    426    378      0
    25    420    378      0
    25    418    377      0
    25    413    372      0
    25    409    371      0
    25    408    371      0
    25    402    372      0
    25    400    370      0
    25    399    370      0
    25    397    366      0
    25    396    359      0
    25    398    355      0
    25    409    344      0
    25    410    344      0
    25    412    343      0
    25    416    343      0
    25    419    346      0
    25    421    348      0
    25    424    352      0
    25    428    352      0
    25    433    350      0
    25    437    345      0
    25    438    337      0
    25    437    334      0
    25    433    330      0
    25    433    328      0
    25    428    319      0
    25    428    313      0
    25    430    312      0
    25    440    312      0
    25    445    307      0
    25    451    304      0
    25    451    301      0
    25    446    294      0
    25    446    289      0
    25    447    287      0
    25    450    283      0
    25    456    280      0
    25    464    280      0
    25    472    284      0
    25    475    284      0
    25    486    277      0
    26    432    280      0
    26    433    280      0
    26    435    280      0
    26    436    281      0
    26    436    283      0
    26    434    284      0
    26    432    282      0
    26    432    280      0
    27    210    298      0
    27    214    298      0
    27    219    302      0
    27    220    304      0
    27    219    305      0
    27    210    303      0
    27    209    301      0
    27    210    298      0
    28    175    303      0
    28    180    303      0
    28    185    307      0
    28    188    315      0
    28    185    321      0
    28    181    325      0
    28    176    327      0
    28    172    323      0
    28    169    315      0
    28    170    309      0
    28    175    303      0
    29    402    314      0
    29    414    314      0
    29    416    315      0
    29    418    318      0
    29    418    322      0
    29    415    326      0
    29    410    328      0
    29    407    329      0
    29    396    330      0
    29    391    327      0
    29    391    322      0
    29    395    317      0
    29    396    317      0
    29    402    314      0
    30    100    316      0
    30    105    318      0
    30    108    323      0
    30    109    329      0
    30    106    333      0
    30     98    334      0
    30     95    333      0
    30     92    329      0
    30     92    323      0
    30     96    318      0
    30    100    316      0
    31    219    336      0
    31    222    336      0
    31    228    339      0
    31    229    341      0
    31    230    350      0
    31    222    351      0
    31    221    351      0
    31    219    351      0
    31    216    351      0
    31    213    349      0
    31    212    347      0
    31    212    341      0
    31    216    337      0
    31    217    337      0
    31    219    336      0
    32    106    346      0
    32    113    346      0
    32    114    347      0
    32    121    348      0
    32    125    350      0
    32    128    354      0
    32    129    364      0
    32    128    365      0
    32    128    367      0
    32    125    371      0
    32    119    374      0
    32    111    374      0
    32    107    372      0
    32     96    362      0
    32     95    359      0
    32     96    355      0
    32    101    350      0
    32    106    346      0
    33    179    362      0
    33    185    362      0
    33    187    363      0
    33    190    367      0
    33    191    370      0
    33    190    372      0
    33    186    376      0
    33    179    378      0
    33    176    377      0
    33    174    374      0
    33    174    368      0
    33    175    365      0
    33    179    362      0
    34    263    369      0
    34    265    369      0
    34    266    373      0
    34    265    375      0
    34    263    376      0
    34    262    375      0
    34    262    371      0
    34    263    369      0
    35    380    376      0
    35    383    376      0
    35    384    385      0
    35    386    387      0
    35    390    387      0
    35    396    390      0
    35    399    394      0
    35    400    400      0
    35    398    402      0
    35    398    403      0
    35    393    406      0
    35    385    408      0
    35    383    410      0
    35    380    411      0
    35    383    404      0
    35    382    403      0
    35    382    399      0
    35    380    392      0
    35    381    385      0
    35    381    382      0
    35    380    381      0
    35    380    376      0
    36    355    379      0
    36    360    379      0
    36    362    381      0
    36    363    387      0
    36    359    391      0
    36    357    391      0
    36    352    388      0
    36    352    382      0
    36    355    379      0
    37      9    383      0
    37     10    383      0
    37     12    385      0
    37     12    388      0
    37      8    389      0
    37      7    388      0
    37      7    384      0
    37      9    383      0
    38     67    390      0
    38     68    390      0
    38     70    391      0
    38     80    411      0
    38     81    416      0
    38     78    420      0
    38     73    423      0
    38     68    424      0
    38     63    421      0
    38     59    421      0
    38     58    424      0
    38     58    428      0
    38     57    429      0
    38     57    436      0
    38     59    443      0
    38     60    448      0
    38     58    454      0
    38     55    461      0
    38     50    466      0
    38     46    468      0
    38     40    467      0
    38     33    462      0
    38     29    462      0
    38     27    463      0
    38     21    464      0
    38     16    460      0
    38     16    455      0
    38     20    452      0
    38     30    452      0
    38     40    447      0
    38     42    443      0
    38     41    433      0
    38     39    430      0
    38     39    421      0
    38     44    411      0
    38     48    408      0
    38     51    404      0
    38     51    400      0
    38     54    394      0
    38     58    391      0
    38     64    390      0
    38     67    389      0
    39      9    400      0
    39     12    400      0
    39     14    402      0
    39     15    405      0
    39     13    407      0
    39      9    408      0
    39      6    405      0
    39      7    401      0
    39      9    400      0
    40    335    400      0
    40    337    400      0
    40    342    401      0
    40    344    406      0
    40    345    409      0
    40    343    413      0
    40    339    416      0
    40    335    417      0
    40    333    416      0
    40    330    412      0
    40    330    405      0
    40    331    403      0
    40    335    400      0
    41    368    412      0
    41    369    412      0
    41    373    415      0
    41    374    419      0
    41    369    421      0
    41    367    420      0
    41    365    417      0
    41    365    413      0
    41    368    411      0
    42    166    416      0
    42    168    416      0
    42    175    419      0
    42    180    423      0
    42    182    424      0
    42    185    429      0
    42    186    433      0
    42    183    438      0
    42    180    442      0
    42    176    445      0
    42    172    446      0
    42    167    444      0
    42    161    437      0
    42    161    434      0
    42    159    431      0
    42    159    423      0
    42    161    419      0
    42    166    416      0
    43    378    421      0
    43    382    421      0
    43    385    424      0
    43    386    427      0
    43    384    429      0
    43    379    430      0
    43    378    427      0
    43    378    421      0
    44    261    423      0
    44    265    423      0
    44    267    424      0
    44    270    428      0
    44    272    433      0
    44    271    436      0
    44    260    448      0
    44    255    449      0
    44    249    447      0
    44    242    449      0
    44    237    449      0
    44    235    448      0
    44    232    444      0
    44    232    438      0
    44    234    433      0
    44    239    429      0
    44    245    429      0
    44    253    427      0
    44    261    423      0
    45    369    432      0
    45    373    432      0
    45    378    436      0
    45    380    441      0
    45    381    446      0
    45    379    450      0
    45    376    452      0
    45    371    454      0
    45    368    453      0
    45    361    448      0
    45    359    448      0
    45    355    449      0
    45    342    461      0
    45    334    470      0
    45    328    473      0
    45    326    473      0
    45    324    473      0
    45    322    471      0
    45    320    467      0
    45    320    462      0
    45    322    458      0
    45    331    450      0
    45    331    449      0
    45    335    443      0
    45    336    443      0
    45    341    438      0
    45    351    433      0
    45    357    433      0
    45    358    434      0
    45    363    434      0
    45    369    432      0
    46    115    433      0
    46    119    434      0
    46    122    437      0
    46    124    445      0
    46    125    449      0
    46    126    453      0
    46    125    455      0
    46    121    457      0
    46    116    456      0
    46    112    452      0
    46    111    450      0
    46    108    441      0
    46    111    435      0
    46    115    433      0
    47    189    447      0
    47    192    447      0
    47    196    449      0
    47    200    457      0
    47    203    466      0
    47    203    469      0
    47    203    476      0
    47    200    482      0
    47    200    486      0
    47    206    493      0
    47    207    496      0
    47    206    498      0
    47    204    499      0
    47    186    499      0
    47    178    502      0
    47    169    504      0
    47    166    503      0
    47    162    500      0
    47    159    494      0
    47    151    485      0
    47    151    480      0
    47    152    477      0
    47    156    474      0
    47    172    474      0
    47    178    471      0
    47    181    466      0
    47    181    461      0
    47    180    460      0
    47    181    458      0
    47    181    454      0
    47    184    450      0
    47    189    447      0
    48    397    448      0
    48    398    448      0
    48    402    451      0
    48    404    456      0
    48    402    460      0
    48    399    462      0
    48    395    463      0
    48    393    461      0
    48    392    461      0
    48    391    459      0
    48    391    454      0
    48    392    452      0
    48    397    448      0
    49    232    473      0
    49    237    473      0
    49    242    475      0
    49    247    481      0
    49    249    483      0
    49    254    483      0
    49    256    482      0
    49    257    483      0
    49    260    483      0
    49    263    485      0
    49    267    490      0
    49    268    496      0
    49    267    498      0
    49    263    503      0
    49    259    505      0
    49    250    506      0
    49    246    507      0
    49    244    508      0
    49    230    509      0
    49    229    508      0
    49    225    500      0
    49    226    491      0
    49    227    490      0
    49    226    480      0
    49    227    476      0
    49    232    473      0
    50    359    473      0
    50    361    473      0
    50    363    474      0
    50    365    476      0
    50    363    480      0
    50    360    481      0
    50    358    479      0
    50    358    476      0
    50    359    474      0
