     1    102      5      0
     1    106      5      0
     1    109      8      0
     1    111     12      0
     1    110     13      0
     1    106     21      0
     1    106     28      0
     1    110     42      0
     1    116     46      0
     1    118     49      0
     1    119     52      0
     1    118     54      0
     1    113     57      0
     1    105     58      0
     1    103     56      0
     1    101     45      0
     1     95     38      0
     1     90     36      0
     1     79     36      0
     1     79     36      0
     1     71     45      0
     1     68     46      0
     1     60     48      0
     1     57     50      0
     1     55     59      0
     1     52     63      0
     1     46     63      0
     1     42     59      0
     1     42     54      0
     1     50     42      0
     1     54     39      0
     1     65     32      0
     1     70     32      0
     1     73     29      0
     1     72     19      0
     1     76     14      0
     1     81     12      0
     1     83     11      0
     1     95     11      0
     1     97      9      0
     1    102      5      0
     2    458      6      0
     2    462      7      0
     2    464     10      0
     2    465     15      0
     2    461     21      0
     2    465     31      0
     2    466     44      0
     2    467     50      0
     2    468     55      0
     2    468     58      0
     2    469     67      0
     2    468     68      0
     2    467     74      0
     2    462     79      0
     2    454     78      0
     2    448     74      0
     2    434     62      0
     2    430     54      0
     2    428     51      0
     2    418     51      0
     2    414     49      0
     2    411     44      0
     2    411     36      0
     2    407     29      0
     2    407     25      0
     2    411     20      0
     2    419     16      0
     2    427     16      0
     2    429     15      0
     2    434     15      0
     2    436     14      0
     2    447     13      0
     2    451     12      0
     2    456      7      0
     2    458      6      0
     3    299     16      0
     3    302     16      0
     3    303     17      0
     3    308     17      0
     3    309     18      0
     3    314     19      0
     3    316     21      0
     3    320     26      0
     3    321     32      0
     3    318     35      0
     3    313     37      0
     3    306     37      0
     3    294     33      0
     3    291     29      0
     3    291     21      0
     3    293     19      0
     3    299     16      0
     4     29     18      0
     4     31     18      0
     4     34     19      0
     4     39     24      0
     4     45     26      0
     4     47     29      0
     4     48     32      0
     4     45     35      0
     4     36     31      0
     4     31     31      0
     4     27     29      0
     4     25     26      0
     4     25     22      0
     4     26     20      0
     4     29     18      0
     5    130     24      0
     5    134     24      0
     5    139     28      0
     5    141     32      0
     5    140     35      0
     5    137     37      0
     5    131     35      0
     5    125     31      0
     5    125     27      0
     5    130     24      0
     6    255     33      0
     6    261     33      0
     6    274     43      0
     6    279     53      0
     6    280     60      0
     6    277     66      0
     6    272     70      0
     6    265     72      0
     6    258     68      0
     6    254     61      0
     6    254     51      0
     6    250     41      0
     6    251     37      0
     6    255     33      0
     7    341     39      0
     7    345     39      0
     7    347     40      0
     7    349     42      0
     7    350     45      0
     7    343     52      0
     7    343     56      0
     7    346     59      0
     7    352     59      0
     7    357     55      0
     7    357     52      0
     7    359     51      0
     7    361     54      0
     7    368     59      0
     7    371     64      0
     7    374     69      0
     7    384     69      0
     7    388     71      0
     7    397     77      0
     7    402     84      0
     7    403     85      0
     7    404     91      0
     7    401     95      0
     7    389    101      0
     7    381    108      0
     7    382    114      0
     7    382    116      0
     7    380    122      0
     7    378    123      0
     7    373    121      0
     7    373    114      0
     7    375    110      0
     7    372    107      0
     7    365    105      0
     7    361    101      0
     7    361     96      0
     7    369     85      0
     7    370     81      0
     7    369     78      0
     7    366     78      0
     7    365     78      0
     7    346     84      0
     7    337     89      0
     7    332     90      0
     7    328     88      0
     7    323     88      0
     7    310     94      0
     7    303     95      0
     7    301     94      0
     7    297     90      0
     7    296     83      0
     7    298     79      0
     7    303     76      0
     7    314     76      0
     7    316     75      0
     7    322     70      0
     7    325     66      0
     7    324     53      0
     7    326     49      0
     7    330     46      0
     7    341     39      0
     8    197     61      0
     8    202     61      0
     8    206     64      0
     8    209     69      0
     8    210     74      0
     8    209     75      0
     8    208     81      0
     8    207     90      0
     8    203     97      0
     8    203    100      0
     8    205    106      0
     8    206    110      0
     8    204    114      0
     8    199    118      0
     8    193    119      0
     8    191    118      0
     8    183    111      0
     8    176    106      0
     8    172    106      0
     8    170    108      0
     8    163    112      0
     8    158    113      0
     8    156    112      0
     8    152    107      0
     8    152    100      0
     8    154     96      0
     8    157     88      0
     8    160     81      0
     8    167     78      0
     8    173     73      0
     8    180     71      0
     8    184     71      0
     8    187     70      0
     8    190     66      0
     8    197     61      0
     9     75     78      0
     9     81     79      0
     9     85     82      0
     9     89     92      0
     9     92     96      0
     9    105     95      0
     9    111     98      0
     9    116    104      0
     9    121    106      0
     9    125    102      0
     9    129    100      0
     9    132    101      0
     9    135    104      0
     9    136    110      0
     9    134    112      0
     9    128    115      0
     9    126    117      0
     9    121    127      0
     9    121    132      0
     9    119    138      0
     9    115    142      0
     9    109    145      0
     9    103    147      0
     9    102    147      0
     9     94    148      0
     9     92    147      0
     9     88    144      0
     9     80    132      0
     9     79    129      0
     9     79    125      0
     9     80    116      0
     9     74    109      0
     9     73     99      0
     9     66     91      0
     9     66     84      0
     9     70     79      0
     9     75     78      0
    10    486     80      0
    10    489     80      0
    10    493     82      0
    10    494     83      0
    10    495     85      0
    10    497     89      0
    10    499     95      0
    10    500     99      0
    10    499    101      0
    10    495    106      0
    10    488    109      0
    10    484    107      0
    10    481    104      0
    10    479     97      0
    10    479     88      0
    10    481     83      0
    10    486     80      0
    11    465     84      0
    11    467     85      0
    11    468     88      0
    11    466     90      0
    11    463     91      0
    11    462     88      0
    11    465     84      0
    12    247     86      0
    12    252     86      0
    12    254     87      0
    12    258     88      0
    12    268     88      0
    12    269     89      0
    12    275     89      0
    12    282     92      0
    12    293    103      0
    12    295    107      0
    12    295    111      0
    12    293    117      0
    12    290    121      0
    12    282    122      0
    12    276    119      0
    12    268    118      0
    12    260    114      0
    12    251    105      0
    12    241    104      0
    12    238    100      0
    12    239     94      0
    12    242     90      0
    12    247     86      0
    13    218     91      0
    13    220     91      0
    13    223     94      0
    13    225    100      0
    13    226    102      0
    13    231    106      0
    13    232    110      0
    13    231    112      0
    13    229    113      0
    13    225    114      0
    13    223    113      0
    13    214    104      0
    13    214     95      0
    13    215     93      0
    13    218     91      0
    14     27     94      0
    14     37     94      0
    14     38     95      0
    14     47     95      0
    14     49     97      0
    14     50    100      0
    14     49    101      0
    14     45    112      0
    14     41    117      0
    14     36    120      0
    14     31    121      0
    14     29    120      0
    14     24    116      0
    14     19    107      0
    14     19    102      0
    14     22     97      0
    14     27     94      0
    15    312    101      0
    15    318    101      0
    15    319    102      0
    15    323    107      0
    15    324    113      0
    15    322    117      0
    15    319    120      0
    15    314    121      0
    15    312    120      0
    15    308    113      0
    15    308    106      0
    15    312    101      0
    16    419    103      0
    16    425    104      0
    16    428    107      0
    16    431    113      0
    16    431    117      0
    16    426    121      0
    16    416    122      0
    16    415    121      0
    16    413    121      0
    16    407    124      0
    16    404    125      0
    16    402    123      0
    16    402    119      0
    16    403    118      0
    16    409    115      0
    16    411    113      0
    16    414    107      0
    16    419    103      0
    17    458    106      0
    17    462    106      0
    17    464    108      0
    17    466    112      0
    17    466    116      0
    17    462    120      0
    17    456    121      0
    17    453    118      0
    17    452    113      0
    17    454    109      0
    17    458    106      0
    18    355    108      0
    18    356    108      0
    18    358    110      0
    18    359    116      0
    18    357    119      0
    18    357    123      0
    18    358    126      0
    18    361    130      0
    18    370    134      0
    18    372    136      0
    18    370    139      0
    18    365    142      0
    18    361    146      0
    18    339    167      0
    18    336    174      0
    18    336    179      0
    18    339    189      0
    18    340    201      0
    18    341    205      0
    18    343    207      0
    18    352    209      0
    18    356    214      0
    18    360    224      0
    18    362    231      0
    18    360    235      0
    18    356    238      0
    18    352    239      0
    18    347    237      0
    18    345    234      0
    18    344    228      0
    18    339    225      0
    18    334    218      0
    18    324    214      0
    18    320    214      0
    18    319    216      0
    18    320    220      0
    18    322    224      0
    18    327    228      0
    18    332    228      0
    18    335    229      0
    18    339    236      0
    18    340    241      0
    18    339    245      0
    18    336    252      0
    18    332    255      0
    18    327    256      0
    18    322    252      0
    18    316    245      0
    18    311    242      0
    18    296    242      0
    18    292    243      0
    18    284    244      0
    18    279    243      0
    18    275    238      0
    18    275    233      0
    18    277    228      0
    18    276    225      0
    18    271    222      0
    18    268    222      0
    18    266    225      0
    18    266    231      0
    18    266    233      0
    18    265    235      0
    18    256    228      0
    18    248    227      0
    18    247    227      0
    18    245    227      0
    18    242    227      0
    18    237    223      0
    18    234    219      0
    18    232    218      0
    18    227    218      0
    18    225    220      0
    18    225    231      0
    18    223    232      0
    18    218    232      0
    18    215    229      0
    18    214    226      0
    18    211    216      0
    18    208    213      0
    18    205    212      0
    18    201    213      0
    18    197    210      0
    18    197    201      0
    18    198    199      0
    18    199    195      0
    18    204    191      0
    18    211    191      0
    18    215    193      0
    18    219    193      0
    18    229    188      0
    18    236    188      0
    18    246    191      0
    18    250    189      0
    18    253    180      0
    18    257    176      0
    18    259    176      0
    18    261    175      0
    18    267    176      0
    18    273    178      0
    18    281    188      0
    18    285    192      0
    18    288    192      0
    18    291    188      0
    18    293    178      0
    18    298    172      0
    18    303    169      0
    18    307    169      0
    18    310    168      0
    18    313    164      0
    18    312    150      0
    18    310    147      0
    18    310    141      0
    18    311    139      0
    18    315    136      0
    18    321    136      0
    18    322    137      0
    18    326    137      0
    18    330    133      0
    18    336    121      0
    18    345    117      0
    18    347    115      0
    18    350    109      0
    18    355    107      0
    19    242    126      0
    19    245    126      0
    19    249    129      0
    19    251    133      0
    19    250    136      0
    19    246    139      0
    19    238    141      0
    19    236    143      0
    19    235    152      0
    19    231    157      0
    19    228    158      0
    19    227    158      0
    19    225    158      0
    19    222    158      0
    19    218    155      0
    19    213    147      0
    19    210    144      0
    19    206    139      0
    19    206    134      0
    19    209    130      0
    19    213    128      0
    19    217    128      0
    19    221    130      0
    19    225    134      0
    19    229    136      0
    19    233    136      0
    19    238    129      0
    19    242    126      0
    20    440    143      0
    20    442    143      0
    20    443    145      0
    20    445    152      0
    20    454    164      0
    20    464    184      0
    20    467    187      0
    20    473    187      0
    20    481    182      0
    20    485    182      0
    20    493    186      0
    20    498    191      0
    20    501    196      0
    20    502    202      0
    20    501    203      0
    20    501    206      0
    20    496    216      0
    20    496    220      0
    20    498    225      0
    20    499    228      0
    20    495    231      0
    20    488    232      0
    20    487    231      0
    20    490    225      0
    20    490    221      0
    20    485    219      0
    20    470    219      0
    20    469    219      0
    20    464    229      0
    20    463    230      0
    20    459    232      0
    20    457    232      0
    20    451    226      0
    20    442    218      0
    20    438    217      0
    20    430    214      0
    20    426    209      0
    20    426    205      0
    20    423    195      0
    20    417    190      0
    20    411    187      0
    20    406    187      0
    20    405    187      0
    20    396    189      0
    20    392    187      0
    20    390    185      0
    20    390    182      0
    20    389    181      0
    20    390    179      0
    20    390    176      0
    20    395    169      0
    20    398    163      0
    20    402    158      0
    20    412    155      0
    20    420    146      0
    20    424    145      0
    20    426    144      0
    20    435    145      0
    20    440    143      0
    21    104    152      0
    21    107    152      0
    21    113    155      0
    21    122    158      0
    21    125    161      0
    21    127    163      0
    21    130    168      0
    21    132    169      0
    21    137    173      0
    21    138    179      0
    21    135    188      0
    21    132    191      0
    21    128    193      0
    21    123    193      0
    21    118    193      0
    21    117    194      0
    21    117    198      0
    21    114    203      0
    21    106    207      0
    21    106    211      0
    21    109    219      0
    21    110    221      0
    21    111    221      0
    21    114    218      0
    21    115    216      0
    21    120    213      0
    21    125    213      0
    21    127    214      0
    21    131    217      0
    21    140    228      0
    21    144    236      0
    21    145    241      0
    21    144    243      0
    21    144    246      0
    21    145    250      0
    21    150    255      0
    21    155    257      0
    21    169    257      0
    21    171    256      0
    21    178    256      0
    21    181    257      0
    21    184    260      0
    21    186    263      0
    21    187    265      0
    21    187    268      0
    21    186    274      0
    21    181    278      0
    21    180    280      0
    21    180    282      0
    21    187    282      0
    21    189    281      0
    21    192    282      0
    21    201    289      0
    21    204    289      0
    21    206    287      0
    21    206    285      0
    21    210    280      0
    21    216    280      0
    21    221    282      0
    21    224    287      0
    21    224    292      0
    21    219    296      0
    21    214    297      0
    21    212    300      0
    21    212    306      0
    21    205    317      0
    21    205    321      0
    21    200    331      0
    21    193    336      0
    21    187    338      0
    21    182    336      0
    21    177    330      0
    21    170    326      0
    21    165    319      0
    21    159    304      0
    21    156    302      0
    21    153    296      0
    21    154    293      0
    21    155    286      0
    21    153    286      0
    21    143    289      0
    21    133    284      0
    21    119    285      0
    21    118    285      0
    21    114    290      0
    21    112    291      0
    21    107    289      0
    21    108    285      0
    21    110    284      0
    21    114    280      0
    21    114    268      0
    21    110    265      0
    21     99    259      0
    21     94    253      0
    21     94    250      0
    21     96    248      0
    21    100    247      0
    21    113    235      0
    21    113    229      0
    21    111    226      0
    21    109    225      0
    21     99    236      0
    21     94    240      0
    21     90    239      0
    21     86    235      0
    21     82    231      0
    21     82    224      0
    21     81    218      0
    21     75    213      0
    21     75    209      0
    21     77    207      0
    21     79    206      0
    21     88    210      0
    21     95    209      0
    21     99    208      0
    21    101    207      0
    21    102    205      0
    21     99    200      0
    21     99    194      0
    21    102    190      0
    21    102    186      0
    21     96    181      0
    21     88    166      0
    21     88    162      0
    21     91    159      0
    21     99    155      0
    21    104    152      0
    22    161    154      0
    22    166    155      0
    22    170    158      0
    22    173    164      0
    22    172    168      0
    22    167    170      0
    22    162    171      0
    22    158    169      0
    22    155    165      0
    22    155    159      0
    22    156    157      0
    22    161    154      0
    23     21    166      0
    23     26    166      0
    23     32    169      0
    23     37    173      0
    23     38    178      0
    23     37    180      0
    23     32    182      0
    23     23    182      0
    23     22    181      0
    23     19    181      0
    23     14    177      0
    23     14    171      0
    23     18    167      0
    23     21    166      0
    24     46    190      0
    24     49    190      0
    24     51    192      0
    24     59    202      0
    24     63    209      0
    24     64    214      0
    24     62    218      0
    24     57    223      0
    24     47    224      0
    24     46    224      0
    24     44    228      0
    24     41    230      0
    24     37    231      0
    24     35    230      0
    24     32    226      0
    24     33    223      0
    24     33    219      0
    24     30    218      0
    24     25    217      0
    24     22    214      0
    24     18    209      0
    24     17    203      0
    24     20    198      0
    24     33    194      0
    24     40    191      0
    24     44    191      0
    24     46    190      0
    25    390    220      0
    25    394    221      0
    25    398    224      0
    25    400    229      0
    25    398    233      0
    25    392    237      0
    25    386    236      0
    25    384    233      0
    25    381    231      0
    25    381    227      0
    25    382    225      0
    25    386    221      0
    25    388    221      0
    25    390    220      0
    26    423    229      0
    26    426    229      0
    26    432    234      0
    26    437    240      0
    26    438    248      0
    26    433    255      0
    26    430    256      0
    26    420    249      0
    26    419    249      0
    26    414    253      0
    26    409    254      0
    26    404    250      0
    26    401    244      0
    26    404    238      0
    26    409    235      0
    26    412    235      0
    26    418    238      0
    26    420    236      0
    26    421    231      0
    26    423    229      0
    27     38    240      0
    27     40    240      0
    27     43    243      0
    27     44    246      0
    27     44    249      0
    27     39    252      0
    27     35    251      0
    27     33    248      0
    27     33    245      0
    27     35    242      0
    27     38    240      0
    28    452    251      0
    28    454    251      0
    28    456    255      0
    28    457    264      0
    28    455    270      0
    28    453    271      0
    28    451    271      0
    28    451    265      0
    28    449    260      0
    28    449    254      0
    28    452    251      0
    29    377    254      0
    29    382    254      0
    29    383    255      0
    29    385    255      0
    29    387    257      0
    29    390    263      0
    29    390    268      0
    29    389    270      0
    29    381    277      0
    29    381    279      0
    29    384    287      0
    29    386    294      0
    29    388    297      0
    29    396    299      0
    29    400    302      0
    29    401    303      0
    29    402    305      0
    29    403    317      0
    29    402    318      0
    29    402    332      0
    29    400    335      0
    29    397    337      0
    29    392    338      0
    29    390    337      0
    29    383    330      0
    29    375    330      0
    29    371    328      0
    29    368    322      0
    29    365    316      0
    29    360    307      0
    29    360    298      0
    29    367    284      0
    29    367    280      0
    29    359    274      0
    29    359    268      0
    29    368    259      0
    29    371    256      0
    29    375    255      0
    29    377    254      0
    30    260    258      0
    30    262    258      0
    30    264    259      0
    30    265    262      0
    30    266    268      0
    30    265    269      0
    30    265    275      0
    30    262    279      0
    30    258    282      0
    30    254    283      0
    30    252    282      0
    30    248    278      0
    30    248    276      0
    30    247    275      0
    30    247    270      0
    30    249    265      0
    30    254    260      0
    30    260    258      0
    31    432    261      0
    31    433    261      0
    31    439    267      0
    31    444    275      0
    31    445    280      0
    31    443    284      0
    31    435    291      0
    31    431    292      0
    31    430    291      0
    31    429    286      0
    31    425    278      0
    31    425    273      0
    31    429    265      0
    31    432    261      0
    32     36    267      0
    32     37    267      0
    32     39    268      0
    32     42    274      0
    32     42    278      0
    32     37    283      0
    32     31    286      0
    32     26    282      0
    32     26    275      0
    32     27    272      0
    32     30    268      0
    32     36    266      0
    33     70    291      0
    33     74    292      0
    33     79    296      0
    33     84    303      0
    33     87    306      0
    33     92    306      0
    33     94    305      0
    33    103    305      0
    33    107    307      0
    33    110    312      0
    33    111    315      0
    33    113    320      0
    33    115    322      0
    33    122    323      0
    33    128    326      0
    33    130    329      0
    33    130    334      0
    33    130    342      0
    33    131    343      0
    33    135    341      0
    33    142    334      0
    33    145    332      0
    33    149    334      0
    33    154    342      0
    33    155    359      0
    33    155    362      0
    33    155    363      0
    33    155    367      0
    33    157    374      0
    33    157    383      0
    33    156    384      0
    33    156    388      0
    33    153    396      0
    33    147    402      0
    33    142    405      0
    33    136    403      0
    33    132    403      0
    33    124    406      0
    33    120    410      0
    33    114    422      0
    33    114    435      0
    33    112    438      0
    33    107    442      0
    33    102    444      0
    33    101    446      0
    33    102    455      0
    33     98    464      0
    33     94    468      0
    33     89    470      0
    33     88    470      0
    33     79    472      0
    33     78    472      0
    33     72    471      0
    33     58    462      0
    33     46    451      0
    33     45    449      0
    33     45    444      0
    33     53    436      0
    33     54    436      0
    33     64    427      0
    33     70    424      0
    33     74    424      0
    33     78    422      0
    33     80    418      0
    33     81    410      0
    33     80    409      0
    33     76    408      0
    33     72    405      0
    33     70    401      0
    33     71    395      0
    33     74    392      0
    33     85    383      0
    33     93    383      0
    33    100    388      0
    33    110    388      0
    33    112    385      0
    33    112    377      0
    33    114    374      0
    33    122    369      0
    33    128    363      0
    33    131    362      0
    33    132    360      0
    33    131    350      0
    33    130    345      0
    33    128    345      0
    33    123    348      0
    33    115    350      0
    33    108    347      0
    33    102    340      0
    33     98    340      0
    33     95    341      0
    33     87    342      0
    33     83    339      0
    33     77    329      0
    33     64    321      0
    33     60    321      0
    33     55    324      0
    33     50    323      0
    33     47    319      0
    33     47    314      0
    33     49    311      0
    33     53    309      0
    33     57    306      0
    33     59    299      0
    33     62    295      0
    33     70    291      0
    34    309    292      0
    34    316    292      0
    34    321    296      0
    34    323    300      0
    34    324    307      0
    34    323    308      0
    34    322    315      0
    34    320    317      0
    34    316    318      0
    34    315    317      0
    34    309    314      0
    34    305    313      0
    34    300    308      0
    34    299    306      0
    34    300    299      0
    34    304    295      0
    34    309    292      0
    35    474    327      0
    35    477    327      0
    35    479    329      0
    35    482    337      0
    35    486    347      0
    35    487    351      0
    35    485    356      0
    35    481    360      0
    35    479    361      0
    35    475    364      0
    35    475    366      0
    35    477    376      0
    35    478    378      0
    35    482    379      0
    35    488    376      0
    35    493    376      0
    35    497    378      0
    35    497    383      0
    35    496    385      0
    35    493    387      0
    35    482    388      0
    35    481    388      0
    35    471    392      0
    35    460    397      0
    35    455    398      0
    35    453    397      0
    35    451    393      0
    35    451    383      0
    35    449    381      0
    35    444    380      0
    35    439    376      0
    35    437    372      0
    35    438    366      0
    35    442    361      0
    35    445    360      0
    35    449    360      0
    35    452    358      0
    35    452    354      0
    35    445    346      0
    35    444    340      0
    35    448    335      0
    35    454    334      0
    35    460    336      0
    35    465    342      0
    35    468    342      0
    35    471    340      0
    35    472    331      0
    35    474    327      0
    36     54    328      0
    36     57    328      0
    36     61    330      0
    36     65    335      0
    36     64    340      0
    36     59    344      0
    36     52    345      0
    36     47    342      0
    36     44    338      0
    36     46    333      0
    36     54    328      0
    37    336    338      0
    37    341    338      0
    37    345    342      0
    37    347    344      0
    37    345    350      0
    37    342    354      0
    37    342    356      0
    37    343    358      0
    37    347    360      0
    37    352    364      0
    37    354    368      0
    37    358    372      0
    37    361    372      0
    37    363    371      0
    37    364    369      0
    37    372    360      0
    37    375    359      0
    37    377    362      0
    37    378    379      0
    37    379    382      0
    37    382    392      0
    37    384    395      0
    37    386    396      0
    37    396    395      0
    37    397    396      0
    37    399    396      0
    37    403    400      0
    37    404    401      0
    37    404    403      0
    37    405    408      0
    37    403    412      0
    37    399    416      0
    37    390    421      0
    37    385    429      0
    37    381    432      0
    37    377    433      0
    37    373    427      0
    37    367    415      0
    37    367    406      0
    37    366    403      0
    37    362    401      0
    37    356    401      0
    37    352    402      0
    37    345    403      0
    37    340    400      0
    37    336    399      0
    37    328    404      0
    37    322    403      0
    37    318    398      0
    37    318    391      0
    37    322    385      0
    37    325    383      0
    37    327    379      0
    37    323    375      0
    37    322    375      0
    37    318    376      0
    37    311    380      0
    37    308    389      0
    37    305    392      0
    37    296    393      0
    37    293    394      0
    37    288    399      0
    37    282    407      0
    37    282    412      0
    37    285    416      0
    37    288    422      0
    37    289    427      0
    37    290    431      0
    37    291    433      0
    37    296    433      0
    37    298    434      0
    37    301    438      0
    37    302    441      0
    37    301    442      0
    37    301    448      0
    37    301    450      0
    37    303    450      0
    37    305    449      0
    37    307    445      0
    37    312    440      0
    37    313    440      0
    37    315    439      0
    37    319    439      0
    37    320    440      0
    37    322    440      0
    37    330    448      0
    37    334    448      0
    37    341    446      0
    37    345    441      0
    37    345    436      0
    37    348    432      0
    37    350    432      0
    37    352    434      0
    37    354    439      0
    37    354    445      0
    37    351    449      0
    37    345    451      0
    37    342    454      0
    37    342    463      0
    37    339    469      0
    37    339    478      0
    37    339    480      0
    37    340    488      0
    37    339    490      0
    37    335    493      0
    37    328    500      0
    37    322    501      0
    37    318    499      0
    37    316    496      0
    37    316    491      0
    37    322    486      0
    37    322    483      0
    37    319    481      0
    37    313    480      0
    37    308    476      0
    37    305    468      0
    37    302    467      0
    37    299    467      0
    37    295    465      0
    37    292    461      0
    37    292    455      0
    37    291    451      0
    37    288    450      0
    37    285    450      0
    37    283    453      0
    37    278    456      0
    37    270    455      0
    37    266    456      0
    37    261    460      0
    37    245    452      0
    37    235    446      0
    37    233    446      0
    37    227    448      0
    37    221    449      0
    37    217    447      0
    37    206    447      0
    37    205    448      0
    37    205    455      0
    37    204    456      0
    37    204    458      0
    37    203    464      0
    37    199    469      0
    37    195    471      0
    37    192    471      0
    37    189    471      0
    37    186    469      0
    37    180    468      0
    37    178    469      0
    37    178    479      0
    37    179    483      0
    37    180    489      0
    37    177    495      0
    37    175    497      0
    37    169    500      0
    37    147    501      0
    37    144    503      0
    37    136    507      0
    37    128    508      0
    37    126    507      0
    37    122    506      0
    37    118    501      0
    37    118    494      0
    37    119    492      0
    37    124    486      0
    37    127    477      0
    37    131    475      0
    37    141    475      0
    37    148    479      0
    37    151    479      0
    37    154    475      0
    37    155    466      0
    37    157    461      0
    37    161    456      0
    37    165    455      0
    37    171    454      0
    37    173    453      0
    37    177    447      0
    37    181    442      0
    37    191    437      0
    37    196    430      0
    37    201    426      0
    37    204    426      0
    37    206    428      0
    37    208    432      0
    37    209    436      0
    37    211    437      0
    37    215    436      0
    37    223    429      0
    37    227    427      0
    37    232    427      0
    37    234    425      0
    37    237    413      0
    37    242    408      0
    37    243    406      0
    37    252    395      0
    37    260    393      0
    37    269    387      0
    37    278    384      0
    37    281    379      0
    37    281    376      0
    37    280    371      0
    37    279    363      0
    37    280    358      0
    37    283    356      0
    37    289    356      0
    37    294    361      0
    37    296    362      0
    37    299    362      0
    37    301    361      0
    37    306    360      0
    37    314    356      0
    37    317    355      0
    37    321    352      0
    37    321    345      0
    37    323    343      0
    37    330    341      0
    37    336    338      0
    38     36    369      0
    38     38    369      0
    38     44    375      0
    38     52    379      0
    38     56    384      0
    38     55    390      0
    38     51    393      0
    38     45    394      0
    38     39    389      0
    38     35    388      0
    38     26    392      0
    38     22    392      0
    38     19    388      0
    38     19    382      0
    38     23    375      0
    38     29    370      0
    38     36    368      0
    39    482    416      0
    39    484    416      0
    39    488    420      0
    39    489    421      0
    39    490    425      0
    39    491    429      0
    39    491    431      0
    39    492    434      0
    39    494    437      0
    39    499    440      0
    39    503    445      0
    39    503    449      0
    39    500    453      0
    39    496    455      0
    39    490    456      0
    39    488    455      0
    39    480    447      0
    39    479    441      0
    39    481    437      0
    39    481    433      0
    39    476    432      0
    39    473    429      0
    39    473    424      0
    39    476    418      0
    39    482    415      0
    40    449    423      0
    40    451    423      0
    40    454    426      0
    40    455    429      0
    40    454    430      0
    40    450    430      0
    40    448    426      0
    40    449    423      0
    41    421    435      0
    41    429    435      0
    41    430    436      0
    41    433    436      0
    41    438    439      0
    41    443    453      0
    41    444    457      0
    41    442    462      0
    41    442    466      0
    41    443    469      0
    41    446    473      0
    41    452    474      0
    41    455    478      0
    41    450    488      0
    41    445    492      0
    41    440    493      0
    41    438    492      0
    41    434    486      0
    41    428    485      0
    41    426    483      0
    41    425    483      0
    41    422    478      0
    41    422    472      0
    41    424    466      0
    41    429    459      0
    41    429    456      0
    41    426    453      0
    41    423    453      0
    41    419    459      0
    41    415    461      0
    41    411    465      0
    41    408    474      0
    41    404    479      0
    41    396    483      0
    41    391    484      0
    41    386    481      0
    41    380    472      0
    41    373    456      0
    41    373    448      0
    41    377    445      0
    41    382    445      0
    41    390    449      0
    41    393    449      0
    41    398    445      0
    41    403    445      0
    41    404    446      0
    41    412    450      0
    41    416    448      0
    41    416    441      0
    41    417    440      0
    41    417    438      0
    41    421    435      0
    42     37    467      0
    42     42    468      0
    42     45    471      0
    42     47    475      0
    42     45    480      0
    42     38    486      0
    42     37    489      0
    42     34    494      0
    42     29    495      0
    42     25    493      0
    42     21    488      0
    42     21    483      0
    42     28    477      0
    42     30    473      0
    42     33    469      0
    42     37    467      0
    43    477    468      0
    43    480    468      0
    43    483    470      0
    43    484    473      0
    43    483    475      0
    43    481    476      0
    43    477    477      0
    43    475    475      0
    43    475    471      0
    43    477    468      0
    44     94    487      0
    44    100    487      0
    44    101    488      0
    44    105    493      0
    44    106    496      0
    44    103    500      0
    44     99    502      0
    44     93    502      0
    44     90    499      0
    44     89    493      0
    44     91    489      0
    44     94    487      0
    45    423    490      0
    45    428    490      0
    45    431    493      0
    45    432    497      0
    45    428    501      0
    45    421    503      0
    45    419    502      0
    45    417    499      0
    45    417    495      0
    45    418    493      0
    45    423    491      0
