     1    262      8      0
     1    266     10      0
     1    274     19      0
     1    281     33      0
     1    281     38      0
     1    277     43      0
     1    274     44      0
     1    273     44      0
     1    266     43      0
     1    261     38      0
     1    253     34      0
     1    248     30      0
     1    248     27      0
     1    247     26      0
     1    249     20      0
     1    256     14      0
     1    260      9      0
     1    262      8      0
     2    451     15      0
     2    454     15      0
     2    458     16      0
     2    462     20      0
     2    465     20      0
     2    473     16      0
     2    476     16      0
     2    478     17      0
     2    482     20      0
     2    487     27      0
     2    491     31      0
     2    493     32      0
     2    497     37      0
     2    498     41      0
     2    498     45      0
     2    496     47      0
     2    492     50      0
     2    484     51      0
     2    481     49      0
     2    476     41      0
     2    464     28      0
     2    460     28      0
     2    457     32      0
     2    455     40      0
     2    451     44      0
     2    444     46      0
     2    442     44      0
     2    437     41      0
     2    433     35      0
     2    433     27      0
     2    434     25      0
     2    438     20      0
     2    445     18      0
     2    451     15      0
     3    152     17      0
     3    156     17      0
     3    168     24      0
     3    169     27      0
     3    167     29      0
     3    162     38      0
     3    155     39      0
     3    151     42      0
     3    153     49      0
     3    154     54      0
     3    152     57      0
     3    149     61      0
     3    146     62      0
     3    141     62      0
     3    138     59      0
     3    136     55      0
     3    136     47      0
     3    137     45      0
     3    141     40      0
     3    143     39      0
     3    146     37      0
     3    146     33      0
     3    145     32      0
     3    145     28      0
     3    144     27      0
     3    146     21      0
     3    152     17      0
     4     63     21      0
     4     72     21      0
     4     77     23      0
     4     79     25      0
     4     86     37      0
     4     90     41      0
     4     89     44      0
     4     85     45      0
     4     82     43      0
     4     76     44      0
     4     69     45      0
     4     67     45      0
     4     57     46      0
     4     54     39      0
     4     54     29      0
     4     57     24      0
     4     63     21      0
     5    220     30      0
     5    224     31      0
     5    227     32      0
     5    230     36      0
     5    231     42      0
     5    228     47      0
     5    223     50      0
     5    217     52      0
     5    212     49      0
     5    209     43      0
     5    210     37      0
     5    214     33      0
     5    220     30      0
     6    364     31      0
     6    372     31      0
     6    382     36      0
     6    390     44      0
     6    392     48      0
     6    389     51      0
     6    381     55      0
     6    376     59      0
     6    376     66      0
     6    381     71      0
     6    385     71      0
     6    387     70      0
     6    394     70      0
     6    401     66      0
     6    404     66      0
     6    409     70      0
     6    410     73      0
     6    407     77      0
     6    396     81      0
     6    392     85      0
     6    387     94      0
     6    383     97      0
     6    380     98      0
     6    379     98      0
     6    377     98      0
     6    375     98      0
     6    370     95      0
     6    363     93      0
     6    362     93      0
     6    348     94      0
     6    346     93      0
     6    338     91      0
     6    336     91      0
     6    328     94      0
     6    325     94      0
     6    317     93      0
     6    312     96      0
     6    307     97      0
     6    304     94      0
     6    303     88      0
     6    299     84      0
     6    296     85      0
     6    290     91      0
     6    286     96      0
     6    286    100      0
     6    288    104      0
     6    289    109      0
     6    286    113      0
     6    275    125      0
     6    271    128      0
     6    265    129      0
     6    262    127      0
     6    257    121      0
     6    258    118      0
     6    266    109      0
     6    266    106      0
     6    265    103      0
     6    257     96      0
     6    254     89      0
     6    253     78      0
     6    252     75      0
     6    252     68      0
     6    255     66      0
     6    258     65      0
     6    268     71      0
     6    272     71      0
     6    278     65      0
     6    279     65      0
     6    283     61      0
     6    282     52      0
     6    284     49      0
     6    286     49      0
     6    290     50      0
     6    292     52      0
     6    290     57      0
     6    286     61      0
     6    286     64      0
     6    298     76      0
     6    301     77      0
     6    317     68      0
     6    325     72      0
     6    328     71      0
     6    328     63      0
     6    330     60      0
     6    335     57      0
     6    339     57      0
     6    343     56      0
     6    349     50      0
     6    350     48      0
     6    353     38      0
     6    356     34      0
     6    364     31      0
     7    187     46      0
     7    190     46      0
     7    194     48      0
     7    198     52      0
     7    199     54      0
     7    200     59      0
     7    198     63      0
     7    194     66      0
     7    187     67      0
     7    185     66      0
     7    182     62      0
     7    181     55      0
     7    184     48      0
     7    187     46      0
     8     80     57      0
     8     81     57      0
     8     85     62      0
     8     87     68      0
     8     87     71      0
     8    100     71      0
     8    105     73      0
     8    117     73      0
     8    118     74      0
     8    123     74      0
     8    124     75      0
     8    123     77      0
     8    118     79      0
     8    115     82      0
     8    105     89      0
     8     98     91      0
     8     97     91      0
     8     94     91      0
     8     88     91      0
     8     86     90      0
     8     86     88      0
     8     84     85      0
     8     84     76      0
     8     82     75      0
     8     81     75      0
     8     77     76      0
     8     72     73      0
     8     70     70      0
     8     69     66      0
     8     70     62      0
     8     74     58      0
     8     80     56      0
     9    180     89      0
     9    184     89      0
     9    186     90      0
     9    191    100      0
     9    193    107      0
     9    196    115      0
     9    198    120      0
     9    195    126      0
     9    191    130      0
     9    184    132      0
     9    181    132      0
     9    176    126      0
     9    171    125      0
     9    168    126      0
     9    164    131      0
     9    160    132      0
     9    157    130      0
     9    157    126      0
     9    162    120      0
     9    162    112      0
     9    161    111      0
     9    160    103      0
     9    159    102      0
     9    159     96      0
     9    162     93      0
     9    164     93      0
     9    166     92      0
     9    167     93      0
     9    174     93      0
     9    180     89      0
    10    405     97      0
    10    411     97      0
    10    415    102      0
    10    416    107      0
    10    415    109      0
    10    410    114      0
    10    404    117      0
    10    397    118      0
    10    393    113      0
    10    393    107      0
    10    394    105      0
    10    397    101      0
    10    405     97      0
    11    334    106      0
    11    345    106      0
    11    351    109      0
    11    357    115      0
    11    367    120      0
    11    377    119      0
    11    378    118      0
    11    380    119      0
    11    388    121      0
    11    391    124      0
    11    395    131      0
    11    403    139      0
    11    407    149      0
    11    402    153      0
    11    398    154      0
    11    397    154      0
    11    391    153      0
    11    388    152      0
    11    383    143      0
    11    381    141      0
    11    373    138      0
    11    367    134      0
    11    364    134      0
    11    353    142      0
    11    343    146      0
    11    337    147      0
    11    333    143      0
    11    327    131      0
    11    328    128      0
    11    328    125      0
    11    331    119      0
    11    331    113      0
    11    330    112      0
    11    331    108      0
    11    334    106      0
    12    448    108      0
    12    449    108      0
    12    456    114      0
    12    465    119      0
    12    469    124      0
    12    470    126      0
    12    470    128      0
    12    470    135      0
    12    466    141      0
    12    460    142      0
    12    458    140      0
    12    453    129      0
    12    452    123      0
    12    451    122      0
    12    451    115      0
    12    446    109      0
    12    448    107      0
    13     81    121      0
    13     85    123      0
    13     86    126      0
    13     83    128      0
    13     80    126      0
    13     80    123      0
    13     81    121      0
    14    232    133      0
    14    239    133      0
    14    241    134      0
    14    244    138      0
    14    245    143      0
    14    243    149      0
    14    236    157      0
    14    231    161      0
    14    223    163      0
    14    218    161      0
    14    215    155      0
    14    215    148      0
    14    216    147      0
    14    216    140      0
    14    217    139      0
    14    217    137      0
    14    218    135      0
    14    227    135      0
    14    232    133      0
    15     84    152      0
    15     90    154      0
    15     98    154      0
    15     99    155      0
    15    103    155      0
    15    109    158      0
    15    116    163      0
    15    123    176      0
    15    123    188      0
    15    124    190      0
    15    128    190      0
    15    129    191      0
    15    137    192      0
    15    141    189      0
    15    147    186      0
    15    154    187      0
    15    155    188      0
    15    160    188      0
    15    162    186      0
    15    162    183      0
    15    164    179      0
    15    170    173      0
    15    174    166      0
    15    175    167      0
    15    178    171      0
    15    181    182      0
    15    182    184      0
    15    186    186      0
    15    193    192      0
    15    198    202      0
    15    203    208      0
    15    204    209      0
    15    206    213      0
    15    205    221      0
    15    202    227      0
    15    197    231      0
    15    194    232      0
    15    192    232      0
    15    187    231      0
    15    183    225      0
    15    182    211      0
    15    178    204      0
    15    172    202      0
    15    164    203      0
    15    162    203      0
    15    161    204      0
    15    154    208      0
    15    146    211      0
    15    144    213      0
    15    144    216      0
    15    150    223      0
    15    151    225      0
    15    152    229      0
    15    148    234      0
    15    142    237      0
    15    139    236      0
    15    137    232      0
    15    137    224      0
    15    136    221      0
    15    131    218      0
    15    124    211      0
    15    118    211      0
    15    114    214      0
    15    113    218      0
    15    114    222      0
    15    116    224      0
    15    122    223      0
    15    123    224      0
    15    124    235      0
    15    122    239      0
    15    116    242      0
    15    112    241      0
    15    107    238      0
    15    104    230      0
    15    101    229      0
    15     96    230      0
    15     95    230      0
    15     86    232      0
    15     85    232      0
    15     85    235      0
    15     89    241      0
    15     89    252      0
    15     97    270      0
    15     98    284      0
    15     97    286      0
    15     96    290      0
    15     96    294      0
    15     94    298      0
    15     92    299      0
    15     88    300      0
    15     87    299      0
    15     80    299      0
    15     78    296      0
    15     68    280      0
    15     62    271      0
    15     49    260      0
    15     46    256      0
    15     41    245      0
    15     44    246      0
    15     51    245      0
    15     54    243      0
    15     55    237      0
    15     55    233      0
    15     56    231      0
    15     64    222      0
    15     72    218      0
    15     78    218      0
    15     83    214      0
    15     95    208      0
    15    100    204      0
    15    103    200      0
    15    103    193      0
    15     97    179      0
    15     89    171      0
    15     82    157      0
    15     82    153      0
    15     84    152      0
    16    480    154      0
    16    488    154      0
    16    491    156      0
    16    494    161      0
    16    495    166      0
    16    491    171      0
    16    488    172      0
    16    487    172      0
    16    481    173      0
    16    480    172      0
    16    474    171      0
    16    472    166      0
    16    472    162      0
    16    475    158      0
    16    480    154      0
    17    432    180      0
    17    434    180      0
    17    438    180      0
    17    442    184      0
    17    443    185      0
    17    445    191      0
    17    447    191      0
    17    451    189      0
    17    454    189      0
    17    457    191      0
    17    459    195      0
    17    456    199      0
    17    452    200      0
    17    450    199      0
    17    446    194      0
    17    443    194      0
    17    438    200      0
    17    433    209      0
    17    430    212      0
    17    423    213      0
    17    419    209      0
    17    419    206      0
    17    418    205      0
    17    420    197      0
    17    423    193      0
    17    427    185      0
    17    432    180      0
    18    335    183      0
    18    341    183      0
    18    346    185      0
    18    354    191      0
    18    358    196      0
    18    359    200      0
    18    357    202      0
    18    348    207      0
    18    338    202      0
    18    330    194      0
    18    330    189      0
    18    332    185      0
    18    335    183      0
    19    234    184      0
    19    237    184      0
    19    239    186      0
    19    242    191      0
    19    243    195      0
    19    242    197      0
    19    238    200      0
    19    233    200      0
    19    229    196      0
    19    228    191      0
    19    230    187      0
    19    234    184      0
    20    319    195      0
    20    321    195      0
    20    322    196      0
    20    323    198      0
    20    319    201      0
    20    316    201      0
    20    316    198      0
    20    319    195      0
    21     31    199      0
    21     36    199      0
    21     40    203      0
    21     41    209      0
    21     37    215      0
    21     33    226      0
    21     31    228      0
    21     26    229      0
    21     22    226      0
    21     19    220      0
    21     19    211      0
    21     21    207      0
    21     26    202      0
    21     31    199      0
    22    279    201      0
    22    283    201      0
    22    287    203      0
    22    289    207      0
    22    290    211      0
    22    289    213      0
    22    284    218      0
    22    284    222      0
    22    289    227      0
    22    292    227      0
    22    296    222      0
    22    300    220      0
    22    304    220      0
    22    316    226      0
    22    317    228      0
    22    318    236      0
    22    320    239      0
    22    337    238      0
    22    340    241      0
    22    343    245      0
    22    344    249      0
    22    347    256      0
    22    350    256      0
    22    359    248      0
    22    360    245      0
    22    359    238      0
    22    361    233      0
    22    364    229      0
    22    366    229      0
    22    375    239      0
    22    376    239      0
    22    381    245      0
    22    382    248      0
    22    380    250      0
    22    370    265      0
    22    361    271      0
    22    357    276      0
    22    356    280      0
    22    354    281      0
    22    347    276      0
    22    341    276      0
    22    333    279      0
    22    328    279      0
    22    324    277      0
    22    319    273      0
    22    317    269      0
    22    317    265      0
    22    316    261      0
    22    312    258      0
    22    306    257      0
    22    300    254      0
    22    296    249      0
    22    291    239      0
    22    289    234      0
    22    280    233      0
    22    275    232      0
    22    272    234      0
    22    272    240      0
    22    275    248      0
    22    276    251      0
    22    273    255      0
    22    265    258      0
    22    253    258      0
    22    249    259      0
    22    247    263      0
    22    247    264      0
    22    252    268      0
    22    258    268      0
    22    260    267      0
    22    270    267      0
    22    272    266      0
    22    278    266      0
    22    280    267      0
    22    284    272      0
    22    287    278      0
    22    286    279      0
    22    286    282      0
    22    281    290      0
    22    281    293      0
    22    284    301      0
    22    285    307      0
    22    284    308      0
    22    284    312      0
    22    283    314      0
    22    281    322      0
    22    278    326      0
    22    274    326      0
    22    270    323      0
    22    268    319      0
    22    268    312      0
    22    270    307      0
    22    270    300      0
    22    268    298      0
    22    254    298      0
    22    251    301      0
    22    250    305      0
    22    250    309      0
    22    251    314      0
    22    252    318      0
    22    250    322      0
    22    245    325      0
    22    239    326      0
    22    231    319      0
    22    223    318      0
    22    221    317      0
    22    217    313      0
    22    214    306      0
    22    207    297      0
    22    207    290      0
    22    209    287      0
    22    216    282      0
    22    219    276      0
    22    219    271      0
    22    218    270      0
    22    216    261      0
    22    217    260      0
    22    218    252      0
    22    217    251      0
    22    216    243      0
    22    217    241      0
    22    224    223      0
    22    224    216      0
    22    225    214      0
    22    230    210      0
    22    234    210      0
    22    239    215      0
    22    241    218      0
    22    244    223      0
    22    248    223      0
    22    252    220      0
    22    264    215      0
    22    269    214      0
    22    273    213      0
    22    276    204      0
    22    279    201      0
    23    466    247      0
    23    469    247      0
    23    471    249      0
    23    472    250      0
    23    470    252      0
    23    465    253      0
    23    462    252      0
    23    461    250      0
    23    466    247      0
    24    424    252      0
    24    428    252      0
    24    430    253      0
    24    434    256      0
    24    439    266      0
    24    440    273      0
    24    438    276      0
    24    434    282      0
    24    433    282      0
    24    429    285      0
    24    429    292      0
    24    430    296      0
    24    431    298      0
    24    433    298      0
    24    442    303      0
    24    444    306      0
    24    446    310      0
    24    449    315      0
    24    457    316      0
    24    463    319      0
    24    468    324      0
    24    470    328      0
    24    471    334      0
    24    472    337      0
    24    493    338      0
    24    494    337      0
    24    497    337      0
    24    500    334      0
    24    500    332      0
    24    504    327      0
    24    507    327      0
    24    508    328      0
    24    508    334      0
    24    504    337      0
    24    504    344      0
    24    504    346      0
    24    504    351      0
    24    501    354      0
    24    498    356      0
    24    493    357      0
    24    492    356      0
    24    490    356      0
    24    486    354      0
    24    482    355      0
    24    479    358      0
    24    479    362      0
    24    481    367      0
    24    481    370      0
    24    479    372      0
    24    474    373      0
    24    468    367      0
    24    464    367      0
    24    461    368      0
    24    454    363      0
    24    446    358      0
    24    441    348      0
    24    437    344      0
    24    429    342      0
    24    425    337      0
    24    422    331      0
    24    421    323      0
    24    422    321      0
    24    424    313      0
    24    424    306      0
    24    417    301      0
    24    417    297      0
    24    424    283      0
    24    424    281      0
    24    422    276      0
    24    414    268      0
    24    411    268      0
    24    408    269      0
    24    402    270      0
    24    400    268      0
    24    400    264      0
    24    401    262      0
    24    405    260      0
    24    406    261      0
    24    411    261      0
    24    417    253      0
    24    421    252      0
    24    424    251      0
    25    151    264      0
    25    156    264      0
    25    161    268      0
    25    164    274      0
    25    168    284      0
    25    169    290      0
    25    168    292      0
    25    169    296      0
    25    174    312      0
    25    174    314      0
    25    175    321      0
    25    174    322      0
    25    169    326      0
    25    163    328      0
    25    161    331      0
    25    161    335      0
    25    162    338      0
    25    167    341      0
    25    170    346      0
    25    171    350      0
    25    170    353      0
    25    166    357      0
    25    161    360      0
    25    154    364      0
    25    148    363      0
    25    145    364      0
    25    142    370      0
    25    142    377      0
    25    142    379      0
    25    143    384      0
    25    142    387      0
    25    140    389      0
    25    136    390      0
    25    133    385      0
    25    134    375      0
    25    134    373      0
    25    129    369      0
    25    127    364      0
    25    126    361      0
    25    127    359      0
    25    126    354      0
    25    120    349      0
    25    118    341      0
    25    111    334      0
    25    110    326      0
    25    111    324      0
    25    116    324      0
    25    117    325      0
    25    125    327      0
    25    126    327      0
    25    129    324      0
    25    129    312      0
    25    130    311      0
    25    130    306      0
    25    127    304      0
    25    125    304      0
    25    121    308      0
    25    115    309      0
    25    112    305      0
    25    112    300      0
    25    113    299      0
    25    113    291      0
    25    114    290      0
    25    114    286      0
    25    118    281      0
    25    132    277      0
    25    140    277      0
    25    143    274      0
    25    146    269      0
    25    151    264      0
    26    383    276      0
    26    389    276      0
    26    391    277      0
    26    392    280      0
    26    387    284      0
    26    379    285      0
    26    377    281      0
    26    378    279      0
    26    383    276      0
    27    465    279      0
    27    471    279      0
    27    473    283      0
    27    474    294      0
    27    473    296      0
    27    469    300      0
    27    463    302      0
    27    459    299      0
    27    457    292      0
    27    458    291      0
    27    458    288      0
    27    460    284      0
    27    465    279      0
    28    197    326      0
    28    201    327      0
    28    203    329      0
    28    206    333      0
    28    202    339      0
    28    197    341      0
    28    193    341      0
    28    190    337      0
    28    190    332      0
    28    193    328      0
    28    197    326      0
    29    283    327      0
    29    293    327      0
    29    297    329      0
    29    302    333      0
    29    304    337      0
    29    305    343      0
    29    304    345      0
    29    297    355      0
    29    297    364      0
    29    296    365      0
    29    296    367      0
    29    294    372      0
    29    287    378      0
    29    281    380      0
    29    276    382      0
    29    273    386      0
    29    271    387      0
    29    267    386      0
    29    262    383      0
    29    262    379      0
    29    265    376      0
    29    267    373      0
    29    265    362      0
    29    264    356      0
    29    264    354      0
    29    263    348      0
    29    266    342      0
    29    269    340      0
    29    280    329      0
    29    280    328      0
    29    281    328      0
    29    283    327      0
    30    400    337      0
    30    401    337      0
    30    403    340      0
    30    404    347      0
    30    405    351      0
    30    409    357      0
    30    413    357      0
    30    418    355      0
    30    423    355      0
    30    425    356      0
    30    428    361      0
    30    429    370      0
    30    428    372      0
    30    424    375      0
    30    415    376      0
    30    405    371      0
    30    397    375      0
    30    389    373      0
    30    383    373      0
    30    377    378      0
    30    371    380      0
    30    369    381      0
    30    369    384      0
    30    369    386      0
    30    375    395      0
    30    382    403      0
    30    384    405      0
    30    389    411      0
    30    393    412      0
    30    398    417      0
    30    399    425      0
    30    398    426      0
    30    397    429      0
    30    394    435      0
    30    389    438      0
    30    383    439      0
    30    379    437      0
    30    377    433      0
    30    374    425      0
    30    366    419      0
    30    362    419      0
    30    361    420      0
    30    358    430      0
    30    359    434      0
    30    362    437      0
    30    364    440      0
    30    364    445      0
    30    361    448      0
    30    357    449      0
    30    355    447      0
    30    342    438      0
    30    337    432      0
    30    336    427      0
    30    335    426      0
    30    335    419      0
    30    336    417      0
    30    337    411      0
    30    343    403      0
    30    345    396      0
    30    345    390      0
    30    342    385      0
    30    342    378      0
    30    337    368      0
    30    339    362      0
    30    344    358      0
    30    348    358      0
    30    350    359      0
    30    356    366      0
    30    358    366      0
    30    361    363      0
    30    360    351      0
    30    361    347      0
    30    365    341      0
    30    369    340      0
    30    374    339      0
    30    376    340      0
    30    381    344      0
    30    382    345      0
    30    386    351      0
    30    390    351      0
    30    394    347      0
    30    394    346      0
    30    396    338      0
    30    400    336      0
    31    187    348      0
    31    188    348      0
    31    190    350      0
    31    191    354      0
    31    188    358      0
    31    184    359      0
    31    182    358      0
    31    181    353      0
    31    182    352      0
    31    183    350      0
    31    187    348      0
    32     92    350      0
    32     97    350      0
    32    101    354      0
    32    102    359      0
    32     97    363      0
    32     86    365      0
    32     83    365      0
    32     86    359      0
    32     88    353      0
    32     92    350      0
    33    240    361      0
    33    246    362      0
    33    248    364      0
    33    251    367      0
    33    254    373      0
    33    254    378      0
    33    252    382      0
    33    245    388      0
    33    244    391      0
    33    244    393      0
    33    246    401      0
    33    244    406      0
    33    244    413      0
    33    246    416      0
    33    256    416      0
    33    260    420      0
    33    261    424      0
    33    259    426      0
    33    253    428      0
    33    243    432      0
    33    237    432      0
    33    234    429      0
    33    230    428      0
    33    226    431      0
    33    218    433      0
    33    214    433      0
    33    209    431      0
    33    204    427      0
    33    200    428      0
    33    197    429      0
    33    192    428      0
    33    191    423      0
    33    193    419      0
    33    197    415      0
    33    205    406      0
    33    210    397      0
    33    210    389      0
    33    208    385      0
    33    204    383      0
    33    201    377      0
    33    202    372      0
    33    206    367      0
    33    210    365      0
    33    216    366      0
    33    223    374      0
    33    226    376      0
    33    230    373      0
    33    231    369      0
    33    235    364      0
    33    240    361      0
    34     38    363      0
    34     42    363      0
    34     45    364      0
    34     49    368      0
    34     52    373      0
    34     53    377      0
    34     51    380      0
    34     49    381      0
    34     43    382      0
    34     40    380      0
    34     33    378      0
    34     32    376      0
    34     34    368      0
    34     38    363      0
    35    183    371      0
    35    185    371      0
    35    190    373      0
    35    203    388      0
    35    206    392      0
    35    202    396      0
    35    200    397      0
    35    197    397      0
    35    190    390      0
    35    179    391      0
    35    179    389      0
    35    180    376      0
    35    181    372      0
    35    183    371      0
    36    310    375      0
    36    315    375      0
    36    318    378      0
    36    324    388      0
    36    325    391      0
    36    324    393      0
    36    318    399      0
    36    318    401      0
    36    315    407      0
    36    316    421      0
    36    316    423      0
    36    317    436      0
    36    317    438      0
    36    323    438      0
    36    324    439      0
    36    327    439      0
    36    332    443      0
    36    334    449      0
    36    337    455      0
    36    341    457      0
    36    349    457      0
    36    353    459      0
    36    355    463      0
    36    353    469      0
    36    346    478      0
    36    338    484      0
    36    337    486      0
    36    337    494      0
    36    334    499      0
    36    332    501      0
    36    325    502      0
    36    315    506      0
    36    302    507      0
    36    300    506      0
    36    296    503      0
    36    294    499      0
    36    292    488      0
    36    295    482      0
    36    308    475      0
    36    315    469      0
    36    315    450      0
    36    314    447      0
    36    315    439      0
    36    314    437      0
    36    307    436      0
    36    303    432      0
    36    295    423      0
    36    289    415      0
    36    285    413      0
    36    281    413      0
    36    280    411      0
    36    277    406      0
    36    274    404      0
    36    265    404      0
    36    264    404      0
    36    264    401      0
    36    265    397      0
    36    267    396      0
    36    273    396      0
    36    279    391      0
    36    288    391      0
    36    289    392      0
    36    292    392      0
    36    297    390      0
    36    303    384      0
    36    305    379      0
    36    310    375      0
    37     27    388      0
    37     29    389      0
    37     30    395      0
    37     30    397      0
    37     38    399      0
    37     45    403      0
    37     48    409      0
    37     49    414      0
    37     50    419      0
    37     51    424      0
    37     50    426      0
    37     45    434      0
    37     40    437      0
    37     33    438      0
    37     25    435      0
    37     21    432      0
    37     18    427      0
    37     18    421      0
    37     19    419      0
    37     20    415      0
    37     21    409      0
    37     28    398      0
    37     28    396      0
    37     25    394      0
    37     24    391      0
    37     27    388      0
    38    435    389      0
    38    443    389      0
    38    445    391      0
    38    446    402      0
    38    451    412      0
    38    453    419      0
    38    452    421      0
    38    448    425      0
    38    441    426      0
    38    435    423      0
    38    432    419      0
    38    430    410      0
    38    426    406      0
    38    426    403      0
    38    425    402      0
    38    426    400      0
    38    426    397      0
    38    429    392      0
    38    435    389      0
    39    480    393      0
    39    485    393      0
    39    489    395      0
    39    492    400      0
    39    493    402      0
    39    493    404      0
    39    494    410      0
    39    498    420      0
    39    500    430      0
    39    499    432      0
    39    494    437      0
    39    494    439      0
    39    495    441      0
    39    496    441      0
    39    502    443      0
    39    505    447      0
    39    506    453      0
    39    505    455      0
    39    499    461      0
    39    492    465      0
    39    483    468      0
    39    477    470      0
    39    472    471      0
    39    470    469      0
    39    467    466      0
    39    467    458      0
    39    468    456      0
    39    467    452      0
    39    462    447      0
    39    458    439      0
    39    458    432      0
    39    459    430      0
    39    467    420      0
    39    474    408      0
    39    474    403      0
    39    477    396      0
    39    480    393      0
    40    167    396      0
    40    169    396      0
    40    171    400      0
    40    171    402      0
    40    171    405      0
    40    169    408      0
    40    168    413      0
    40    165    415      0
    40    165    410      0
    40    164    409      0
    40    164    400      0
    40    167    396      0
    41     78    404      0
    41     85    404      0
    41     92    408      0
    41     96    413      0
    41     97    416      0
    41     96    418      0
    41     89    426      0
    41     88    428      0
    41     95    432      0
    41    102    439      0
    41    107    439      0
    41    112    435      0
    41    119    421      0
    41    124    416      0
    41    128    415      0
    41    135    419      0
    41    138    419      0
    41    141    415      0
    41    141    411      0
    41    140    410      0
    41    139    405      0
    41    141    404      0
    41    149    412      0
    41    151    415      0
    41    153    419      0
    41    156    427      0
    41    155    435      0
    41    151    443      0
    41    147    448      0
    41    140    449      0
    41    138    448      0
    41    134    449      0
    41    131    450      0
    41    129    454      0
    41    129    458      0
    41    127    462      0
    41    121    469      0
    41    117    471      0
    41    111    471      0
    41    105    465      0
    41     93    465      0
    41     90    468      0
    41     86    469      0
    41     87    463      0
    41     87    460      0
    41     84    457      0
    41     80    454      0
    41     68    454      0
    41     66    451      0
    41     65    448      0
    41     72    439      0
    41     72    437      0
    41     69    432      0
    41     69    428      0
    41     71    425      0
    41     71    412      0
    41     72    409      0
    41     78    404      0
    42    409    433      0
    42    412    433      0
    42    416    436      0
    42    418    440      0
    42    416    444      0
    42    413    446      0
    42    408    447      0
    42    406    446      0
    42    404    443      0
    42    404    438      0
    42    405    436      0
    42    409    433      0
    43    417    455      0
    43    419    455      0
    43    423    457      0
    43    427    462      0
    43    428    468      0
    43    427    469      0
    43    427    473      0
    43    430    478      0
    43    432    482      0
    43    433    490      0
    43    431    498      0
    43    426    503      0
    43    420    504      0
    43    413    496      0
    43    411    496      0
    43    409    501      0
    43    406    505      0
    43    400    508      0
    43    393    508      0
    43    390    505      0
    43    389    498      0
    43    394    488      0
    43    395    484      0
    43    401    476      0
    43    403    470      0
    43    405    465      0
    43    411    458      0
    43    417    455      0
    44    160    457      0
    44    164    457      0
    44    168    460      0
    44    174    472      0
    44    179    478      0
    44    183    484      0
    44    185    486      0
    44    191    487      0
    44    194    489      0
    44    198    494      0
    44    199    501      0
    44    194    505      0
    44    186    506      0
    44    185    505      0
    44    173    506      0
    44    169    503      0
    44    169    492      0
    44    165    490      0
    44    157    486      0
    44    154    481      0
    44    154    464      0
    44    156    460      0
    44    160    457      0
    45    378    458      0
    45    381    460      0
    45    384    466      0
    45    385    470      0
    45    382    473      0
    45    374    474      0
    45    372    469      0
    45    371    464      0
    45    373    460      0
    45    378    457      0
    46    130    490      0
    46    132    491      0
    46    132    495      0
    46    132    496      0
    46    128    497      0
    46    126    495      0
    46    126    491      0
    46    130    489      0
    47    232    490      0
    47    238    490      0
    47    241    491      0
    47    247    494      0
    47    251    499      0
    47    252    505      0
    47    248    508      0
    47    231    509      0
    47    225    506      0
    47    221    503      0
    47    221    498      0
    47    224    495      0
    47    232    491      0
