1  37  2384.09
2  22  757.656
3  34  2324.35
4  8  28.3491
5  8  12.6743
6  21  1154.93
7  22  1205.81
8  7  24.5088
9  51  2892.57
10  22  593.525
11  11  151.333
12  60  4269.03
13  13  208.213
14  39  2077.5
15  7  17.0146
16  19  612.365
17  20  933.195
18  9  62.1934
19  18  583.582
20  91  5094.28
21  12  184.922
22  31  1200.25
23  9  49.7539
24  10  197.766
25  113  7602.63
26  55  4304.79
27  86  5896.86
28  11  183.363
29  12  147.016
30  16  530.285
31  8  38.6387
32  9  122.876
33  20  959.958
34  9  61.2402
35  38  2024.5
36  27  1521.28
37  15  272.391
38  40  1681.67
39  11  119.504
40  7  9.10938
41  22  796.945
42  13  350.781
43  22  971.58
44  15  257.092
45  79  4632.8
46  8  26.1953
47  52  2416.1
48  37  1776.51
49  10  84.5078
50  10  177.078
51  7  30.0361
