     1    140     15      0
     1    149     15      0
     1    157     18      0
     1    159     20      0
     1    163     26      0
     1    167     33      0
     1    170     36      0
     1    175     39      0
     1    187     42      0
     1    195     41      0
     1    199     39      0
     1    209     39      0
     1    212     40      0
     1    219     49      0
     1    222     57      0
     1    223     63      0
     1    222     65      0
     1    221     71      0
     1    218     77      0
     1    218     85      0
     1    219     89      0
     1    220     94      0
     1    213    105      0
     1    209    112      0
     1    205    115      0
     1    199    116      0
     1    197    115      0
     1    194    109      0
     1    195    107      0
     1    195    104      0
     1    198    100      0
     1    201     90      0
     1    201     85      0
     1    200     82      0
     1    197     81      0
     1    190     81      0
     1    186     79      0
     1    179     75      0
     1    175     73      0
     1    171     73      0
     1    166     71      0
     1    156     64      0
     1    151     62      0
     1    146     63      0
     1    132     70      0
     1    124     68      0
     1    110     68      0
     1    105     64      0
     1    105     58      0
     1    107     55      0
     1    115     49      0
     1    117     45      0
     1    128     21      0
     1    132     17      0
     1    138     16      0
     1    140     15      0
     2    317     16      0
     2    323     18      0
     2    327     22      0
     2    337     37      0
     2    348     56      0
     2    353     68      0
     2    359     79      0
     2    362     85      0
     2    363     89      0
     2    360     93      0
     2    355     96      0
     2    352     98      0
     2    350    102      0
     2    352    113      0
     2    352    114      0
     2    354    135      0
     2    357    147      0
     2    358    153      0
     2    356    156      0
     2    350    160      0
     2    337    165      0
     2    323    166      0
     2    321    165      0
     2    320    163      0
     2    314    146      0
     2    314    128      0
     2    310    124      0
     2    305    121      0
     2    301    121      0
     2    297    124      0
     2    292    124      0
     2    291    122      0
     2    292    119      0
     2    294    118      0
     2    299    114      0
     2    299    110      0
     2    298    107      0
     2    292    102      0
     2    284     97      0
     2    274     98      0
     2    272     97      0
     2    272     94      0
     2    276     91      0
     2    283     92      0
     2    289     89      0
     2    296     81      0
     2    306     74      0
     2    309     71      0
     2    309     59      0
     2    308     54      0
     2    307     53      0
     2    306     44      0
     2    305     42      0
     2    305     30      0
     2    306     28      0
     2    307     24      0
     2    311     19      0
     2    317     16      0
     3    266     17      0
     3    272     17      0
     3    274     18      0
     3    280     25      0
     3    284     32      0
     3    289     43      0
     3    295     51      0
     3    296     55      0
     3    294     58      0
     3    289     61      0
     3    284     62      0
     3    278     59      0
     3    275     56      0
     3    270     49      0
     3    262     40      0
     3    259     34      0
     3    259     27      0
     3    263     19      0
     3    266     17      0
     4    430     38      0
     4    434     40      0
     4    438     52      0
     4    441     60      0
     4    435     69      0
     4    435     78      0
     4    434     81      0
     4    430     84      0
     4    424     85      0
     4    423     85      0
     4    410     86      0
     4    406     83      0
     4    403     77      0
     4    403     67      0
     4    405     63      0
     4    407     61      0
     4    414     61      0
     4    416     62      0
     4    420     63      0
     4    426     64      0
     4    430     61      0
     4    430     54      0
     4    426     46      0
     4    426     42      0
     4    427     40      0
     4    430     38      0
     5    485     47      0
     5    489     47      0
     5    494     51      0
     5    497     57      0
     5    498     66      0
     5    497     68      0
     5    494     70      0
     5    488     71      0
     5    481     63      0
     5    480     55      0
     5    481     50      0
     5    485     47      0
     6    484     80      0
     6    487     80      0
     6    489     82      0
     6    490     86      0
     6    489     87      0
     6    488     89      0
     6    486     90      0
     6    481     91      0
     6    480     88      0
     6    480     84      0
     6    480     83      0
     6    484     80      0
     7     76    127      0
     7     78    127      0
     7     89    132      0
     7     97    132      0
     7     99    133      0
     7    103    138      0
     7    104    142      0
     7    100    151      0
     7    100    157      0
     7    102    162      0
     7    104    164      0
     7    110    164      0
     7    124    154      0
     7    126    154      0
     7    141    148      0
     7    154    144      0
     7    165    139      0
     7    170    139      0
     7    172    140      0
     7    177    144      0
     7    180    152      0
     7    179    153      0
     7    178    162      0
     7    176    168      0
     7    170    175      0
     7    165    185      0
     7    156    196      0
     7    157    199      0
     7    162    205      0
     7    164    208      0
     7    165    213      0
     7    162    218      0
     7    156    222      0
     7    149    223      0
     7    145    220      0
     7    143    216      0
     7    143    210      0
     7    146    204      0
     7    151    199      0
     7    151    196      0
     7    141    186      0
     7    137    185      0
     7    133    186      0
     7    130    190      0
     7    127    198      0
     7    122    209      0
     7    117    216      0
     7    109    220      0
     7    102    220      0
     7     93    213      0
     7     91    212      0
     7     87    213      0
     7     81    217      0
     7     73    224      0
     7     73    228      0
     7     79    232      0
     7     83    237      0
     7     84    241      0
     7     83    242      0
     7     83    249      0
     7     84    253      0
     7     89    265      0
     7     90    269      0
     7     91    274      0
     7     92    277      0
     7     97    280      0
     7    102    279      0
     7    110    274      0
     7    115    272      0
     7    121    275      0
     7    128    287      0
     7    136    289      0
     7    150    302      0
     7    153    303      0
     7    158    308      0
     7    163    316      0
     7    164    326      0
     7    163    327      0
     7    163    330      0
     7    161    334      0
     7    150    346      0
     7    149    351      0
     7    152    360      0
     7    153    363      0
     7    149    366      0
     7    145    366      0
     7    134    366      0
     7    133    366      0
     7    128    367      0
     7    118    362      0
     7    110    359      0
     7    106    354      0
     7    106    344      0
     7    105    340      0
     7    103    337      0
     7     91    333      0
     7     89    330      0
     7     89    323      0
     7     95    314      0
     7     95    309      0
     7     94    308      0
     7     89    304      0
     7     83    304      0
     7     82    305      0
     7     80    309      0
     7     78    317      0
     7     73    322      0
     7     68    325      0
     7     59    329      0
     7     52    332      0
     7     47    337      0
     7     39    347      0
     7     30    355      0
     7     25    356      0
     7     23    355      0
     7     21    351      0
     7     26    332      0
     7     26    328      0
     7     27    327      0
     7     27    318      0
     7     26    314      0
     7     21    305      0
     7     20    300      0
     7     19    299      0
     7     19    293      0
     7     18    292      0
     7     19    290      0
     7     19    285      0
     7     21    281      0
     7     22    273      0
     7     21    269      0
     7     20    263      0
     7     19    262      0
     7     19    253      0
     7     21    248      0
     7     30    240      0
     7     33    235      0
     7     32    222      0
     7     33    220      0
     7     40    212      0
     7     40    211      0
     7     47    203      0
     7     48    203      0
     7     55    197      0
     7     60    189      0
     7     60    180      0
     7     58    175      0
     7     53    171      0
     7     42    167      0
     7     37    164      0
     7     33    156      0
     7     33    148      0
     7     37    143      0
     7     43    140      0
     7     53    140      0
     7     61    138      0
     7     69    131      0
     7     76    127      0
     8    484    141      0
     8    490    141      0
     8    494    145      0
     8    497    153      0
     8    501    164      0
     8    501    167      0
     8    497    172      0
     8    493    174      0
     8    488    175      0
     8    486    174      0
     8    481    169      0
     8    479    162      0
     8    479    150      0
     8    480    145      0
     8    484    141      0
     9    455    146      0
     9    460    146      0
     9    465    149      0
     9    467    152      0
     9    468    158      0
     9    466    161      0
     9    463    171      0
     9    460    177      0
     9    453    182      0
     9    450    186      0
     9    449    190      0
     9    451    196      0
     9    454    200      0
     9    459    203      0
     9    463    203      0
     9    469    200      0
     9    478    191      0
     9    482    187      0
     9    488    186      0
     9    491    188      0
     9    494    194      0
     9    494    200      0
     9    490    208      0
     9    489    214      0
     9    493    225      0
     9    494    261      0
     9    493    262      0
     9    493    269      0
     9    498    280      0
     9    500    284      0
     9    500    286      0
     9    501    292      0
     9    500    294      0
     9    499    298      0
     9    494    302      0
     9    489    303      0
     9    487    302      0
     9    478    299      0
     9    471    299      0
     9    466    297      0
     9    461    292      0
     9    461    290      0
     9    449    277      0
     9    445    268      0
     9    440    263      0
     9    434    260      0
     9    428    254      0
     9    425    242      0
     9    422    235      0
     9    411    224      0
     9    410    218      0
     9    409    217      0
     9    409    192      0
     9    408    190      0
     9    407    180      0
     9    408    177      0
     9    411    174      0
     9    415    172      0
     9    443    152      0
     9    455    146      0
    10    215    158      0
    10    221    158      0
    10    227    163      0
    10    239    169      0
    10    246    181      0
    10    249    184      0
    10    255    187      0
    10    260    191      0
    10    263    196      0
    10    264    201      0
    10    260    209      0
    10    256    213      0
    10    251    216      0
    10    246    217      0
    10    245    216      0
    10    234    216      0
    10    233    216      0
    10    226    216      0
    10    215    211      0
    10    212    207      0
    10    212    202      0
    10    211    201      0
    10    211    188      0
    10    212    186      0
    10    214    180      0
    10    214    174      0
    10    211    169      0
    10    211    162      0
    10    215    158      0
    11    256    252      0
    11    259    252      0
    11    260    253      0
    11    265    253      0
    11    266    254      0
    11    280    256      0
    11    280    257      0
    11    296    257      0
    11    298    258      0
    11    303    262      0
    11    305    264      0
    11    310    271      0
    11    313    271      0
    11    316    270      0
    11    322    263      0
    11    324    256      0
    11    331    259      0
    11    337    265      0
    11    344    269      0
    11    353    269      0
    11    368    260      0
    11    371    260      0
    11    373    261      0
    11    374    263      0
    11    375    269      0
    11    370    280      0
    11    370    285      0
    11    374    293      0
    11    381    302      0
    11    382    302      0
    11    389    307      0
    11    392    313      0
    11    393    321      0
    11    392    323      0
    11    392    325      0
    11    393    330      0
    11    393    332      0
    11    395    340      0
    11    396    342      0
    11    399    342      0
    11    405    339      0
    11    410    339      0
    11    415    342      0
    11    422    350      0
    11    423    356      0
    11    422    357      0
    11    421    359      0
    11    419    360      0
    11    409    367      0
    11    403    373      0
    11    400    377      0
    11    397    383      0
    11    391    389      0
    11    384    392      0
    11    378    393      0
    11    372    390      0
    11    366    386      0
    11    364    382      0
    11    357    375      0
    11    355    374      0
    11    344    374      0
    11    340    377      0
    11    339    381      0
    11    339    390      0
    11    337    398      0
    11    334    401      0
    11    332    403      0
    11    329    404      0
    11    321    405      0
    11    320    405      0
    11    321    409      0
    11    332    418      0
    11    342    421      0
    11    345    425      0
    11    346    430      0
    11    343    434      0
    11    340    436      0
    11    332    439      0
    11    321    437      0
    11    316    439      0
    11    311    445      0
    11    306    448      0
    11    303    449      0
    11    302    449      0
    11    296    449      0
    11    292    447      0
    11    284    440      0
    11    280    432      0
    11    279    416      0
    11    277    412      0
    11    270    405      0
    11    260    400      0
    11    253    400      0
    11    248    402      0
    11    241    403      0
    11    239    402      0
    11    235    398      0
    11    235    396      0
    11    233    393      0
    11    233    385      0
    11    230    382      0
    11    220    376      0
    11    215    372      0
    11    212    367      0
    11    212    361      0
    11    215    355      0
    11    220    352      0
    11    225    352      0
    11    226    353      0
    11    234    355      0
    11    244    360      0
    11    249    368      0
    11    253    373      0
    11    256    373      0
    11    258    372      0
    11    266    372      0
    11    277    376      0
    11    291    378      0
    11    299    380      0
    11    310    387      0
    11    313    387      0
    11    315    385      0
    11    319    375      0
    11    322    364      0
    11    325    360      0
    11    330    358      0
    11    336    359      0
    11    340    358      0
    11    342    355      0
    11    344    347      0
    11    348    333      0
    11    348    329      0
    11    345    326      0
    11    333    327      0
    11    332    326      0
    11    323    325      0
    11    322    324      0
    11    316    324      0
    11    313    325      0
    11    307    329      0
    11    300    331      0
    11    296    329      0
    11    285    317      0
    11    283    316      0
    11    274    308      0
    11    273    302      0
    11    270    298      0
    11    256    291      0
    11    244    291      0
    11    238    288      0
    11    235    283      0
    11    235    278      0
    11    244    261      0
    11    250    254      0
    11    256    252      0
    12    263    308      0
    12    266    308      0
    12    268    310      0
    12    268    312      0
    12    263    316      0
    12    258    317      0
    12    255    313      0
    12    256    310      0
    12    263    307      0
    13    206    311      0
    13    211    311      0
    13    213    312      0
    13    217    315      0
    13    220    320      0
    13    222    326      0
    13    222    328      0
    13    222    329      0
    13    222    332      0
    13    220    334      0
    13    215    337      0
    13    209    338      0
    13    205    334      0
    13    198    328      0
    13    197    323      0
    13    196    322      0
    13    197    320      0
    13    197    318      0
    13    200    314      0
    13    206    311      0
    14    492    327      0
    14    496    327      0
    14    501    331      0
    14    504    338      0
    14    504    343      0
    14    497    355      0
    14    496    360      0
    14    498    368      0
    14    499    379      0
    14    498    380      0
    14    497    382      0
    14    494    384      0
    14    486    385      0
    14    485    385      0
    14    472    393      0
    14    465    395      0
    14    459    399      0
    14    454    407      0
    14    454    410      0
    14    455    413      0
    14    459    422      0
    14    461    426      0
    14    465    431      0
    14    473    434      0
    14    477    438      0
    14    481    445      0
    14    485    455      0
    14    488    459      0
    14    489    459      0
    14    496    465      0
    14    499    471      0
    14    500    475      0
    14    498    479      0
    14    494    482      0
    14    488    483      0
    14    487    482      0
    14    479    480      0
    14    477    480      0
    14    475    483      0
    14    475    487      0
    14    473    491      0
    14    468    496      0
    14    464    498      0
    14    457    500      0
    14    456    500      0
    14    444    501      0
    14    439    496      0
    14    438    490      0
    14    444    478      0
    14    444    471      0
    14    440    463      0
    14    432    456      0
    14    429    454      0
    14    425    454      0
    14    424    455      0
    14    424    456      0
    14    420    461      0
    14    415    463      0
    14    412    459      0
    14    413    455      0
    14    419    450      0
    14    419    444      0
    14    412    434      0
    14    412    432      0
    14    410    429      0
    14    410    420      0
    14    411    418      0
    14    413    410      0
    14    413    406      0
    14    414    405      0
    14    414    390      0
    14    415    389      0
    14    416    385      0
    14    420    380      0
    14    434    373      0
    14    444    365      0
    14    448    360      0
    14    448    351      0
    14    449    348      0
    14    453    345      0
    14    463    342      0
    14    468    342      0
    14    470    342      0
    14    473    341      0
    14    479    338      0
    14    487    330      0
    14    492    327      0
    15     38    379      0
    15     48    379      0
    15     54    381      0
    15     59    386      0
    15     69    394      0
    15     72    398      0
    15     73    407      0
    15     72    408      0
    15     71    417      0
    15     70    418      0
    15     70    438      0
    15     70    440      0
    15     71    444      0
    15     68    450      0
    15     60    457      0
    15     45    464      0
    15     38    470      0
    15     36    474      0
    15     34    475      0
    15     30    478      0
    15     23    479      0
    15     18    476      0
    15     15    470      0
    15     15    458      0
    15     16    457      0
    15     15    441      0
    15     17    437      0
    15     19    434      0
    15     26    429      0
    15     30    425      0
    15     35    417      0
    15     36    409      0
    15     28    393      0
    15     28    385      0
    15     32    380      0
    15     38    379      0
    16    216    415      0
    16    217    415      0
    16    219    417      0
    16    222    421      0
    16    221    429      0
    16    220    430      0
    16    220    441      0
    16    229    459      0
    16    232    463      0
    16    240    467      0
    16    249    477      0
    16    251    478      0
    16    262    468      0
    16    272    465      0
    16    275    465      0
    16    281    467      0
    16    285    471      0
    16    287    474      0
    16    288    482      0
    16    285    486      0
    16    280    490      0
    16    270    501      0
    16    266    503      0
    16    261    503      0
    16    254    496      0
    16    254    494      0
    16    249    490      0
    16    247    490      0
    16    242    493      0
    16    232    497      0
    16    208    496      0
    16    206    497      0
    16    198    498      0
    16    197    498      0
    16    186    499      0
    16    185    498      0
    16    181    498      0
    16    175    495      0
    16    166    485      0
    16    163    485      0
    16    159    486      0
    16    152    494      0
    16    148    497      0
    16    141    499      0
    16    130    498      0
    16    117    498      0
    16    113    494      0
    16    113    491      0
    16    112    490      0
    16    113    487      0
    16    113    484      0
    16    116    478      0
    16    116    468      0
    16    112    461      0
    16    112    453      0
    16    117    448      0
    16    118    448      0
    16    131    437      0
    16    148    427      0
    16    151    427      0
    16    153    428      0
    16    156    433      0
    16    157    441      0
    16    156    443      0
    16    156    447      0
    16    157    450      0
    16    161    450      0
    16    163    446      0
    16    168    440      0
    16    182    435      0
    16    192    425      0
    16    209    416      0
    16    213    415      0
    16    216    414      0
    17    490    418      0
    17    494    418      0
    17    498    423      0
    17    499    426      0
    17    494    435      0
    17    491    436      0
    17    489    433      0
    17    486    431      0
    17    486    423      0
    17    490    418      0
    18    359    462      0
    18    362    462      0
    18    365    465      0
    18    365    471      0
    18    362    475      0
    18    358    476      0
    18    356    475      0
    18    354    472      0
    18    354    469      0
    18    357    464      0
    18    359    463      0
