     1    101     10      0
     1    116     10      0
     1    117     11      0
     1    128     12      0
     1    130     11      0
     1    141     10      0
     1    147     12      0
     1    151     16      0
     1    154     21      0
     1    155     25      0
     1    154     27      0
     1    149     32      0
     1    128     46      0
     1    125     50      0
     1    120     56      0
     1    115     59      0
     1    110     60      0
     1    109     59      0
     1     98     53      0
     1     93     53      0
     1     91     55      0
     1     89     62      0
     1     93     80      0
     1     96     85      0
     1    101     88      0
     1    105     87      0
     1    111     80      0
     1    114     80      0
     1    122     83      0
     1    132     85      0
     1    136     90      0
     1    140    100      0
     1    142    104      0
     1    144    106      0
     1    152    106      0
     1    154    105      0
     1    166    100      0
     1    170    100      0
     1    171    101      0
     1    173    101      0
     1    178    105      0
     1    182    113      0
     1    183    117      0
     1    183    119      0
     1    183    121      0
     1    182    135      0
     1    182    137      0
     1    184    141      0
     1    192    144      0
     1    197    149      0
     1    198    151      0
     1    199    155      0
     1    198    157      0
     1    194    161      0
     1    186    164      0
     1    183    166      0
     1    181    170      0
     1    181    177      0
     1    182    180      0
     1    184    184      0
     1    193    197      0
     1    194    198      0
     1    200    201      0
     1    202    204      0
     1    200    206      0
     1    196    207      0
     1    195    206      0
     1    187    206      0
     1    171    210      0
     1    159    215      0
     1    151    216      0
     1    150    215      0
     1    148    215      0
     1    141    212      0
     1    133    204      0
     1    130    198      0
     1    130    192      0
     1    131    190      0
     1    143    179      0
     1    148    176      0
     1    156    176      0
     1    158    177      0
     1    162    176      0
     1    166    172      0
     1    169    164      0
     1    169    159      0
     1    167    158      0
     1    162    156      0
     1    154    156      0
     1    147    163      0
     1    145    163      0
     1    143    161      0
     1    143    158      0
     1    144    156      0
     1    149    152      0
     1    150    148      0
     1    147    144      0
     1    143    144      0
     1    142    144      0
     1    132    145      0
     1    122    140      0
     1    117    140      0
     1    112    142      0
     1    106    143      0
     1    104    142      0
     1    101    137      0
     1     98    137      0
     1     95    139      0
     1     87    144      0
     1     80    146      0
     1     78    146      0
     1     75    146      0
     1     72    145      0
     1     68    142      0
     1     62    131      0
     1     57    127      0
     1     52    127      0
     1     41    132      0
     1     35    132      0
     1     32    131      0
     1     29    125      0
     1     29    103      0
     1     30    102      0
     1     31     94      0
     1     30     90      0
     1     20     76      0
     1     19     67      0
     1     21     62      0
     1     21     53      0
     1     20     48      0
     1     19     46      0
     1     20     39      0
     1     27     25      0
     1     32     21      0
     1     37     20      0
     1     39     19      0
     1     48     18      0
     1     53     20      0
     1     56     23      0
     1     60     31      0
     1     61     39      0
     1     60     41      0
     1     58     51      0
     1     55     59      0
     1     46     69      0
     1     44     73      0
     1     44     81      0
     1     45     85      0
     1     47     90      0
     1     49     92      0
     1     54     92      0
     1     58     90      0
     1     65     81      0
     1     69     78      0
     1     79     69      0
     1     82     64      0
     1     83     60      0
     1     83     53      0
     1     90     46      0
     1     90     37      0
     1     89     33      0
     1     86     28      0
     1     86     20      0
     1     87     18      0
     1     93     13      0
     1     97     12      0
     1    101     10      0
     2    245     11      0
     2    249     11      0
     2    254     13      0
     2    257     17      0
     2    258     23      0
     2    257     25      0
     2    250     30      0
     2    242     31      0
     2    240     30      0
     2    237     26      0
     2    237     18      0
     2    241     13      0
     2    245     11      0
     3    172     19      0
     3    177     19      0
     3    179     20      0
     3    182     24      0
     3    183     29      0
     3    179     34      0
     3    171     35      0
     3    169     34      0
     3    165     29      0
     3    165     24      0
     3    168     21      0
     3    172     19      0
     4    309     21      0
     4    315     21      0
     4    316     22      0
     4    319     22      0
     4    329     27      0
     4    337     33      0
     4    343     36      0
     4    348     34      0
     4    354     28      0
     4    361     24      0
     4    364     24      0
     4    367     23      0
     4    379     23      0
     4    381     24      0
     4    386     28      0
     4    388     32      0
     4    388     34      0
     4    387     38      0
     4    379     48      0
     4    373     55      0
     4    367     58      0
     4    359     59      0
     4    355     57      0
     4    347     57      0
     4    337     63      0
     4    331     65      0
     4    330     65      0
     4    318     66      0
     4    317     65      0
     4    310     65      0
     4    309     64      0
     4    306     64      0
     4    304     62      0
     4    301     53      0
     4    298     48      0
     4    297     38      0
     4    298     37      0
     4    298     33      0
     4    300     29      0
     4    304     24      0
     4    309     21      0
     5    262     56      0
     5    267     56      0
     5    269     57      0
     5    273     60      0
     5    276     66      0
     5    277     71      0
     5    275     76      0
     5    273     78      0
     5    268     86      0
     5    268     92      0
     5    273    102      0
     5    278    109      0
     5    283    116      0
     5    289    131      0
     5    295    139      0
     5    299    146      0
     5    300    154      0
     5    299    155      0
     5    298    163      0
     5    302    175      0
     5    301    181      0
     5    300    185      0
     5    300    196      0
     5    299    198      0
     5    292    204      0
     5    290    208      0
     5    290    217      0
     5    292    225      0
     5    297    235      0
     5    298    238      0
     5    298    240      0
     5    299    249      0
     5    301    258      0
     5    307    272      0
     5    309    278      0
     5    309    280      0
     5    310    289      0
     5    308    291      0
     5    301    294      0
     5    290    302      0
     5    281    306      0
     5    280    308      0
     5    281    316      0
     5    281    318      0
     5    281    331      0
     5    281    332      0
     5    282    335      0
     5    286    340      0
     5    297    343      0
     5    302    345      0
     5    306    350      0
     5    309    358      0
     5    311    362      0
     5    319    367      0
     5    322    367      0
     5    330    360      0
     5    334    358      0
     5    340    358      0
     5    346    361      0
     5    349    366      0
     5    350    369      0
     5    350    371      0
     5    349    377      0
     5    346    382      0
     5    340    385      0
     5    328    386      0
     5    327    387      0
     5    326    389      0
     5    324    397      0
     5    323    400      0
     5    319    405      0
     5    315    408      0
     5    306    411      0
     5    305    410      0
     5    301    409      0
     5    296    403      0
     5    296    400      0
     5    292    396      0
     5    286    396      0
     5    285    397      0
     5    278    408      0
     5    273    411      0
     5    271    411      0
     5    265    407      0
     5    262    399      0
     5    254    388      0
     5    257    385      0
     5    273    375      0
     5    282    367      0
     5    282    361      0
     5    279    354      0
     5    273    348      0
     5    270    346      0
     5    260    346      0
     5    257    344      0
     5    251    341      0
     5    249    334      0
     5    249    329      0
     5    250    327      0
     5    252    319      0
     5    251    303      0
     5    255    298      0
     5    262    296      0
     5    267    292      0
     5    267    288      0
     5    264    285      0
     5    257    285      0
     5    254    286      0
     5    248    288      0
     5    244    286      0
     5    240    282      0
     5    238    277      0
     5    236    273      0
     5    236    261      0
     5    235    254      0
     5    229    246      0
     5    227    240      0
     5    226    231      0
     5    225    230      0
     5    222    217      0
     5    221    216      0
     5    221    207      0
     5    225    200      0
     5    234    191      0
     5    246    185      0
     5    251    181      0
     5    253    177      0
     5    254    159      0
     5    253    155      0
     5    242    148      0
     5    239    142      0
     5    239    135      0
     5    240    134      0
     5    240    129      0
     5    238    123      0
     5    232    118      0
     5    231    118      0
     5    224    111      0
     5    217     97      0
     5    217     93      0
     5    216     92      0
     5    217     90      0
     5    217     86      0
     5    221     78      0
     5    228     71      0
     5    232     69      0
     5    246     66      0
     5    262     56      0
     6    448     65      0
     6    454     69      0
     6    458     70      0
     6    466     73      0
     6    469     77      0
     6    465     85      0
     6    456     95      0
     6    456     96      0
     6    449    105      0
     6    435    114      0
     6    425    124      0
     6    421    129      0
     6    421    136      0
     6    422    138      0
     6    426    140      0
     6    431    140      0
     6    435    143      0
     6    437    147      0
     6    437    151      0
     6    430    165      0
     6    425    171      0
     6    420    175      0
     6    416    176      0
     6    412    172      0
     6    412    170      0
     6    402    150      0
     6    398    132      0
     6    397    131      0
     6    397    125      0
     6    396    124      0
     6    396    120      0
     6    393    113      0
     6    389    110      0
     6    367     99      0
     6    360     99      0
     6    358    101      0
     6    354    110      0
     6    353    114      0
     6    345    124      0
     6    345    128      0
     6    346    131      0
     6    352    139      0
     6    349    150      0
     6    349    154      0
     6    350    158      0
     6    353    161      0
     6    368    165      0
     6    371    170      0
     6    372    175      0
     6    367    183      0
     6    367    190      0
     6    367    192      0
     6    368    195      0
     6    363    205      0
     6    358    209      0
     6    352    210      0
     6    345    206      0
     6    335    206      0
     6    334    205      0
     6    332    205      0
     6    327    203      0
     6    323    199      0
     6    320    190      0
     6    319    189      0
     6    319    181      0
     6    320    177      0
     6    325    167      0
     6    325    159      0
     6    323    155      0
     6    322    142      0
     6    321    137      0
     6    320    131      0
     6    323    125      0
     6    328    119      0
     6    331    113      0
     6    331    109      0
     6    332    108      0
     6    333    102      0
     6    338     95      0
     6    343     92      0
     6    347     91      0
     6    349     90      0
     6    360     90      0
     6    381     80      0
     6    384     80      0
     6    394     77      0
     6    402     76      0
     6    414     82      0
     6    421     82      0
     6    423     81      0
     6    444     65      0
     6    448     64      0
     7    360    126      0
     7    362    126      0
     7    363    127      0
     7    364    132      0
     7    360    135      0
     7    358    134      0
     7    358    129      0
     7    360    126      0
     8    484    153      0
     8    491    154      0
     8    496    157      0
     8    499    161      0
     8    502    167      0
     8    501    173      0
     8    498    180      0
     8    492    186      0
     8    487    189      0
     8    482    190      0
     8    480    189      0
     8    476    182      0
     8    465    171      0
     8    464    168      0
     8    466    163      0
     8    470    160      0
     8    478    155      0
     8    482    154      0
     8    484    153      0
     9     54    169      0
     9     58    169      0
     9     61    170      0
     9     64    172      0
     9     66    174      0
     9     65    178      0
     9     61    182      0
     9     50    191      0
     9     44    193      0
     9     39    189      0
     9     37    185      0
     9     37    180      0
     9     39    175      0
     9     45    172      0
     9     53    170      0
     9     54    169      0
    10    448    191      0
    10    450    191      0
    10    452    193      0
    10    453    196      0
    10    449    199      0
    10    445    199      0
    10    445    194      0
    10    448    191      0
    11    431    204      0
    11    433    204      0
    11    436    205      0
    11    440    213      0
    11    450    223      0
    11    452    225      0
    11    453    231      0
    11    451    235      0
    11    444    242      0
    11    435    255      0
    11    431    263      0
    11    426    270      0
    11    421    273      0
    11    415    274      0
    11    412    275      0
    11    409    278      0
    11    405    286      0
    11    396    295      0
    11    393    304      0
    11    390    308      0
    11    385    315      0
    11    385    320      0
    11    384    321      0
    11    385    340      0
    11    383    344      0
    11    377    349      0
    11    368    352      0
    11    360    351      0
    11    351    347      0
    11    342    338      0
    11    334    330      0
    11    332    326      0
    11    332    320      0
    11    333    318      0
    11    340    311      0
    11    341    311      0
    11    348    304      0
    11    351    294      0
    11    358    280      0
    11    358    276      0
    11    360    269      0
    11    365    258      0
    11    366    247      0
    11    370    242      0
    11    376    239      0
    11    389    228      0
    11    400    224      0
    11    408    219      0
    11    418    217      0
    11    422    214      0
    11    427    207      0
    11    431    204      0
    12    488    217      0
    12    492    217      0
    12    497    221      0
    12    499    225      0
    12    499    227      0
    12    500    246      0
    12    499    247      0
    12    499    253      0
    12    497    258      0
    12    493    263      0
    12    488    265      0
    12    476    266      0
    12    472    265      0
    12    468    261      0
    12    468    257      0
    12    468    249      0
    12    470    241      0
    12    476    227      0
    12    482    220      0
    12    488    217      0
    13    112    229      0
    13    123    229      0
    13    124    230      0
    13    128    230      0
    13    137    234      0
    13    148    249      0
    13    157    268      0
    13    157    271      0
    13    153    275      0
    13    146    278      0
    13    139    279      0
    13    138    278      0
    13    136    278      0
    13    116    273      0
    13    109    273      0
    13    107    272      0
    13    107    269      0
    13    110    265      0
    13    110    259      0
    13    106    256      0
    13    103    256      0
    13     96    259      0
    13     88    260      0
    13     84    258      0
    13     76    258      0
    13     70    265      0
    13     64    268      0
    13     55    269      0
    13     52    271      0
    13     50    278      0
    13     50    284      0
    13     51    287      0
    13     62    298      0
    13     67    301      0
    13     77    310      0
    13     86    324      0
    13     96    334      0
    13     97    336      0
    13     98    340      0
    13     99    348      0
    13    100    353      0
    13    100    355      0
    13    102    358      0
    13    105    358      0
    13    112    356      0
    13    116    355      0
    13    126    350      0
    13    131    350      0
    13    134    351      0
    13    141    358      0
    13    147    361      0
    13    154    361      0
    13    157    362      0
    13    166    370      0
    13    170    370      0
    13    184    366      0
    13    188    362      0
    13    192    351      0
    13    196    346      0
    13    202    343      0
    13    212    342      0
    13    221    336      0
    13    228    336      0
    13    232    339      0
    13    234    343      0
    13    235    351      0
    13    233    355      0
    13    221    372      0
    13    217    380      0
    13    212    387      0
    13    204    391      0
    13    195    392      0
    13    191    389      0
    13    186    382      0
    13    183    380      0
    13    175    379      0
    13    167    375      0
    13    164    375      0
    13    160    376      0
    13    155    381      0
    13    154    383      0
    13    152    390      0
    13    152    392      0
    13    154    399      0
    13    151    403      0
    13    147    404      0
    13    140    400      0
    13    133    400      0
    13    132    400      0
    13    127    400      0
    13    123    400      0
    13    122    399      0
    13    110    396      0
    13    105    394      0
    13    101    391      0
    13     97    382      0
    13     94    379      0
    13     92    378      0
    13     88    379      0
    13     82    385      0
    13     76    388      0
    13     70    388      0
    13     62    384      0
    13     57    376      0
    13     54    373      0
    13     50    371      0
    13     40    370      0
    13     36    368      0
    13     34    365      0
    13     36    360      0
    13     43    352      0
    13     48    349      0
    13     54    349      0
    13     55    350      0
    13     61    350      0
    13     66    346      0
    13     66    339      0
    13     64    334      0
    13     57    325      0
    13     51    320      0
    13     43    317      0
    13     39    314      0
    13     33    302      0
    13     29    301      0
    13     28    301      0
    13     20    302      0
    13     18    301      0
    13     14    298      0
    13     11    292      0
    13     11    282      0
    13     12    281      0
    13     12    254      0
    13     11    253      0
    13     11    248      0
    13     13    243      0
    13     16    240      0
    13     20    238      0
    13     30    238      0
    13     32    239      0
    13     37    241      0
    13     40    245      0
    13     45    258      0
    13     48    264      0
    13     51    267      0
    13     54    265      0
    13     57    256      0
    13     72    237      0
    13     75    234      0
    13     81    231      0
    13     87    231      0
    13     88    232      0
    13     96    234      0
    13    100    234      0
    13    102    233      0
    13    110    230      0
    13    112    229      0
    14    165    315      0
    14    170    315      0
    14    171    316      0
    14    173    316      0
    14    177    318      0
    14    178    320      0
    14    174    327      0
    14    169    331      0
    14    162    332      0
    14    158    327      0
    14    158    321      0
    14    161    317      0
    14    165    315      0
    15    445    320      0
    15    449    320      0
    15    459    327      0
    15    464    328      0
    15    475    324      0
    15    480    323      0
    15    482    324      0
    15    486    327      0
    15    488    331      0
    15    491    341      0
    15    493    345      0
    15    498    355      0
    15    499    359      0
    15    498    360      0
    15    498    362      0
    15    495    369      0
    15    495    380      0
    15    495    382      0
    15    496    389      0
    15    497    393      0
    15    497    395      0
    15    498    402      0
    15    497    403      0
    15    497    405      0
    15    494    411      0
    15    493    421      0
    15    492    423      0
    15    488    433      0
    15    486    442      0
    15    482    446      0
    15    479    447      0
    15    476    446      0
    15    473    439      0
    15    468    435      0
    15    451    435      0
    15    447    432      0
    15    443    424      0
    15    443    416      0
    15    445    412      0
    15    451    405      0
    15    454    400      0
    15    454    394      0
    15    452    393      0
    15    444    391      0
    15    440    389      0
    15    437    384      0
    15    437    378      0
    15    439    370      0
    15    438    362      0
    15    434    360      0
    15    423    361      0
    15    421    360      0
    15    417    359      0
    15    411    354      0
    15    408    348      0
    15    408    340      0
    15    410    336      0
    15    415    332      0
    15    419    331      0
    15    421    330      0
    15    427    330      0
    15    429    329      0
    15    434    329      0
    15    445    320      0
    16    391    402      0
    16    399    403      0
    16    401    404      0
    16    407    409      0
    16    409    413      0
    16    410    419      0
    16    409    421      0
    16    404    425      0
    16    399    427      0
    16    398    427      0
    16    390    427      0
    16    386    425      0
    16    380    418      0
    16    378    414      0
    16    379    410      0
    16    382    406      0
    16    391    402      0
    17     26    409      0
    17     29    409      0
    17     33    412      0
    17     35    416      0
    17     33    421      0
    17     26    426      0
    17     22    431      0
    17     22    437      0
    17     23    441      0
    17     26    444      0
    17     31    445      0
    17     38    448      0
    17     39    450      0
    17     40    454      0
    17     43    462      0
    17     46    466      0
    17     49    468      0
    17     57    475      0
    17     58    483      0
    17     54    491      0
    17     50    494      0
    17     42    497      0
    17     40    496      0
    17     36    496      0
    17     29    493      0
    17     26    490      0
    17     23    484      0
    17     20    472      0
    17     17    466      0
    17     16    457      0
    17     17    455      0
    17     19    447      0
    17     19    444      0
    17     13    438      0
    17     10    434      0
    17     10    424      0
    17     13    418      0
    17     18    413      0
    17     26    409      0
    18    266    421      0
    18    267    421      0
    18    285    430      0
    18    292    437      0
    18    297    446      0
    18    298    449      0
    18    296    451      0
    18    291    454      0
    18    284    460      0
    18    284    462      0
    18    285    467      0
    18    290    472      0
    18    298    480      0
    18    298    482      0
    18    295    483      0
    18    292    484      0
    18    278    485      0
    18    275    488      0
    18    273    498      0
    18    272    500      0
    18    268    504      0
    18    260    508      0
    18    245    509      0
    18    244    506      0
    18    239    500      0
    18    235    499      0
    18    229    500      0
    18    226    501      0
    18    218    502      0
    18    214    500      0
    18    211    495      0
    18    211    487      0
    18    214    482      0
    18    219    480      0
    18    226    480      0
    18    228    480      0
    18    239    487      0
    18    243    487      0
    18    253    482      0
    18    261    475      0
    18    261    466      0
    18    260    460      0
    18    258    452      0
    18    257    443      0
    18    255    435      0
    18    256    429      0
    18    260    424      0
    18    266    421      0
    19    238    442      0
    19    240    442      0
    19    246    444      0
    19    252    450      0
    19    253    452      0
    19    252    454      0
    19    246    460      0
    19    238    464      0
    19    230    463      0
    19    227    461      0
    19    224    457      0
    19    224    452      0
    19    225    450      0
    19    230    445      0
    19    238    442      0
    20     52    447      0
    20     55    447      0
    20     57    449      0
    20     59    451      0
    20     57    453      0
    20     54    454      0
    20     50    451      0
    20     50    449      0
    20     52    447      0
    21    350    451      0
    21    354    451      0
    21    356    452      0
    21    360    457      0
    21    363    467      0
    21    365    473      0
    21    365    475      0
    21    367    485      0
    21    367    487      0
    21    366    493      0
    21    364    494      0
    21    359    496      0
    21    354    493      0
    21    347    491      0
    21    341    492      0
    21    328    497      0
    21    325    498      0
    21    317    499      0
    21    316    498      0
    21    312    497      0
    21    307    492      0
    21    302    484      0
    21    303    482      0
    21    326    474      0
    21    331    471      0
    21    339    463      0
    21    346    453      0
    21    350    451      0
    22    462    457      0
    22    469    457      0
    22    474    459      0
    22    482    467      0
    22    485    471      0
    22    486    474      0
    22    479    482      0
    22    472    494      0
    22    464    498      0
    22    459    498      0
    22    447    492      0
    22    443    492      0
    22    435    494      0
    22    430    495      0
    22    424    492      0
    22    419    487      0
    22    418    487      0
    22    415    483      0
    22    412    477      0
    22    413    471      0
    22    419    466      0
    22    424    466      0
    22    428    468      0
    22    434    474      0
    22    440    478      0
    22    442    477      0
    22    447    473      0
    22    452    466      0
    22    458    459      0
    22    462    457      0
    23    143    467      0
    23    150    467      0
    23    155    471      0
    23    157    474      0
    23    164    483      0
    23    167    488      0
    23    168    491      0
    23    164    496      0
    23    159    499      0
    23    139    500      0
    23    137    499      0
    23    132    495      0
    23    132    493      0
    23    130    490      0
    23    130    481      0
    23    131    480      0
    23    131    478      0
    23    137    471      0
    23    143    467      0
    24     89    487      0
    24     92    488      0
    24     93    490      0
    24     93    493      0
    24     88    497      0
    24     84    497      0
    24     83    492      0
    24     84    491      0
    24     85    489      0
    24     89    487      0
