     1    236     15      0
     1    239     15      0
     1    242     16      0
     1    251     25      0
     1    256     25      0
     1    271     18      0
     1    279     18      0
     1    283     20      0
     1    286     22      0
     1    289     27      0
     1    290     33      0
     1    288     37      0
     1    282     50      0
     1    280     51      0
     1    274     52      0
     1    262     46      0
     1    253     38      0
     1    248     34      0
     1    244     36      0
     1    237     43      0
     1    236     45      0
     1    229     50      0
     1    220     51      0
     1    216     49      0
     1    206     39      0
     1    198     36      0
     1    187     36      0
     1    177     39      0
     1    166     40      0
     1    164     39      0
     1    161     39      0
     1    158     40      0
     1    148     48      0
     1    147     48      0
     1    141     48      0
     1    136     43      0
     1    135     37      0
     1    137     33      0
     1    145     29      0
     1    149     25      0
     1    149     24      0
     1    152     21      0
     1    157     18      0
     1    167     18      0
     1    174     16      0
     1    184     16      0
     1    185     17      0
     1    187     17      0
     1    196     21      0
     1    208     30      0
     1    219     30      0
     1    222     29      0
     1    226     25      0
     1    232     17      0
     1    236     15      0
     2    394     24      0
     2    397     24      0
     2    401     26      0
     2    404     31      0
     2    406     35      0
     2    412     49      0
     2    414     61      0
     2    420     72      0
     2    426     83      0
     2    429     86      0
     2    432     92      0
     2    433    102      0
     2    431    114      0
     2    428    120      0
     2    419    128      0
     2    416    133      0
     2    414    143      0
     2    414    151      0
     2    411    158      0
     2    404    163      0
     2    391    166      0
     2    383    171      0
     2    380    175      0
     2    377    182      0
     2    373    187      0
     2    366    191      0
     2    357    194      0
     2    344    202      0
     2    338    203      0
     2    336    202      0
     2    332    199      0
     2    330    198      0
     2    330    196      0
     2    321    188      0
     2    317    188      0
     2    313    189      0
     2    310    190      0
     2    300    191      0
     2    299    190      0
     2    291    188      0
     2    283    188      0
     2    281    187      0
     2    276    185      0
     2    272    180      0
     2    266    175      0
     2    262    175      0
     2    256    178      0
     2    242    185      0
     2    239    187      0
     2    232    202      0
     2    223    212      0
     2    219    215      0
     2    212    216      0
     2    208    214      0
     2    205    210      0
     2    205    202      0
     2    210    194      0
     2    210    192      0
     2    209    191      0
     2    205    189      0
     2    204    189      0
     2    200    190      0
     2    190    195      0
     2    187    198      0
     2    184    200      0
     2    170    213      0
     2    168    217      0
     2    168    226      0
     2    165    232      0
     2    160    234      0
     2    152    233      0
     2    140    221      0
     2    132    212      0
     2    132    210      0
     2    130    207      0
     2    131    198      0
     2    132    197      0
     2    132    191      0
     2    133    190      0
     2    133    187      0
     2    137    182      0
     2    144    178      0
     2    158    171      0
     2    167    171      0
     2    170    170      0
     2    174    165      0
     2    174    162      0
     2    166    141      0
     2    156    133      0
     2    154    127      0
     2    156    122      0
     2    163    117      0
     2    166    113      0
     2    168    106      0
     2    170    101      0
     2    176     96      0
     2    182     95      0
     2    187     98      0
     2    191    105      0
     2    192    110      0
     2    192    112      0
     2    193    116      0
     2    201    132      0
     2    202    136      0
     2    202    138      0
     2    203    151      0
     2    204    155      0
     2    205    158      0
     2    209    159      0
     2    226    159      0
     2    229    158      0
     2    233    154      0
     2    236    147      0
     2    238    137      0
     2    240    132      0
     2    244    129      0
     2    248    129      0
     2    251    130      0
     2    257    135      0
     2    267    140      0
     2    275    142      0
     2    280    144      0
     2    284    148      0
     2    288    154      0
     2    291    157      0
     2    295    157      0
     2    303    153      0
     2    311    153      0
     2    313    154      0
     2    322    161      0
     2    326    161      0
     2    330    158      0
     2    333    152      0
     2    341    143      0
     2    353    137      0
     2    358    133      0
     2    366    124      0
     2    369    116      0
     2    372    112      0
     2    376    110      0
     2    382    112      0
     2    386    112      0
     2    388    110      0
     2    390    106      0
     2    396     89      0
     2    396     82      0
     2    395     79      0
     2    389     77      0
     2    380     78      0
     2    369     82      0
     2    364     82      0
     2    362     79      0
     2    362     73      0
     2    363     69      0
     2    372     49      0
     2    382     38      0
     2    386     31      0
     2    389     27      0
     2    394     24      0
     3    282     78      0
     3    286     79      0
     3    288     81      0
     3    287     85      0
     3    285     86      0
     3    280     87      0
     3    279     86      0
     3    279     80      0
     3    282     78      0
     4    491     78      0
     4    493     78      0
     4    496     82      0
     4    496     87      0
     4    492     90      0
     4    487     90      0
     4    487     88      0
     4    485     87      0
     4    485     82      0
     4    487     80      0
     4    491     78      0
     5    393    193      0
     5    398    193      0
     5    400    194      0
     5    404    199      0
     5    406    206      0
     5    402    211      0
     5    394    212      0
     5    390    209      0
     5    387    204      0
     5    387    200      0
     5    389    196      0
     5    393    193      0
     6     27    199      0
     6     32    200      0
     6     38    206      0
     6     47    216      0
     6     52    226      0
     6     53    230      0
     6     52    231      0
     6     52    233      0
     6     49    240      0
     6     45    245      0
     6     38    247      0
     6     33    245      0
     6     27    241      0
     6     23    235      0
     6     23    230      0
     6     26    224      0
     6     28    217      0
     6     27    217      0
     6     27    213      0
     6     24    208      0
     6     24    201      0
     6     27    199      0
     7    459    228      0
     7    463    228      0
     7    464    229      0
     7    466    229      0
     7    478    237      0
     7    482    238      0
     7    483    237      0
     7    488    237      0
     7    490    236      0
     7    494    236      0
     7    495    237      0
     7    499    238      0
     7    502    242      0
     7    503    248      0
     7    502    250      0
     7    499    262      0
     7    499    275      0
     7    499    277      0
     7    500    282      0
     7    497    283      0
     7    490    275      0
     7    486    274      0
     7    473    280      0
     7    468    281      0
     7    460    277      0
     7    452    274      0
     7    439    274      0
     7    426    282      0
     7    420    284      0
     7    412    280      0
     7    407    272      0
     7    407    264      0
     7    408    258      0
     7    413    248      0
     7    416    246      0
     7    426    246      0
     7    428    247      0
     7    434    248      0
     7    440    247      0
     7    446    242      0
     7    451    234      0
     7    455    230      0
     7    459    228      0
     8    240    251      0
     8    246    252      0
     8    251    254      0
     8    262    264      0
     8    263    265      0
     8    269    265      0
     8    272    264      0
     8    277    260      0
     8    281    258      0
     8    287    257      0
     8    292    260      0
     8    295    264      0
     8    295    267      0
     8    295    274      0
     8    291    282      0
     8    285    288      0
     8    279    291      0
     8    263    295      0
     8    262    295      0
     8    248    296      0
     8    244    298      0
     8    240    305      0
     8    230    314      0
     8    226    322      0
     8    226    325      0
     8    223    331      0
     8    221    332      0
     8    213    333      0
     8    210    332      0
     8    207    328      0
     8    207    322      0
     8    211    315      0
     8    211    312      0
     8    207    308      0
     8    199    308      0
     8    193    314      0
     8    187    317      0
     8    182    318      0
     8    179    315      0
     8    176    312      0
     8    176    305      0
     8    179    300      0
     8    185    296      0
     8    187    292      0
     8    189    284      0
     8    193    279      0
     8    207    264      0
     8    213    260      0
     8    225    257      0
     8    234    253      0
     8    235    253      0
     8    240    251      0
     9    354    274      0
     9    356    274      0
     9    360    276      0
     9    361    280      0
     9    358    283      0
     9    352    286      0
     9    349    290      0
     9    345    305      0
     9    346    310      0
     9    349    315      0
     9    351    319      0
     9    348    323      0
     9    343    324      0
     9    339    321      0
     9    338    318      0
     9    332    314      0
     9    330    310      0
     9    330    298      0
     9    331    297      0
     9    331    290      0
     9    333    286      0
     9    338    282      0
     9    345    281      0
     9    354    274      0
    10    309    312      0
    10    315    312      0
    10    318    315      0
    10    319    318      0
    10    315    322      0
    10    309    323      0
    10    307    322      0
    10    306    320      0
    10    306    315      0
    10    309    312      0
    11    414    337      0
    11    418    339      0
    11    417    341      0
    11    413    341      0
    11    413    339      0
    11    414    337      0
    12    298    347      0
    12    300    348      0
    12    303    348      0
    12    307    350      0
    12    314    356      0
    12    317    360      0
    12    319    364      0
    12    319    366      0
    12    320    371      0
    12    319    372      0
    12    318    378      0
    12    319    381      0
    12    323    381      0
    12    327    373      0
    12    332    369      0
    12    336    369      0
    12    341    373      0
    12    343    377      0
    12    341    382      0
    12    338    386      0
    12    332    389      0
    12    330    391      0
    12    330    407      0
    12    330    409      0
    12    331    412      0
    12    332    416      0
    12    335    420      0
    12    339    423      0
    12    344    423      0
    12    348    421      0
    12    351    413      0
    12    354    410      0
    12    359    410      0
    12    378    422      0
    12    384    422      0
    12    389    418      0
    12    403    402      0
    12    407    395      0
    12    412    391      0
    12    418    391      0
    12    426    398      0
    12    430    404      0
    12    437    416      0
    12    439    419      0
    12    438    425      0
    12    432    433      0
    12    425    439      0
    12    420    441      0
    12    411    443      0
    12    406    445      0
    12    399    456      0
    12    393    459      0
    12    385    460      0
    12    383    459      0
    12    373    455      0
    12    356    459      0
    12    352    458      0
    12    340    450      0
    12    330    445      0
    12    303    424      0
    12    297    423      0
    12    296    423      0
    12    285    424      0
    12    283    423      0
    12    272    414      0
    12    269    413      0
    12    261    409      0
    12    257    407      0
    12    251    399      0
    12    246    389      0
    12    245    383      0
    12    247    379      0
    12    249    378      0
    12    255    377      0
    12    267    382      0
    12    272    382      0
    12    280    380      0
    12    286    375      0
    12    288    371      0
    12    287    355      0
    12    288    353      0
    12    292    349      0
    12    296    348      0
    12    298    347      0
    13    170    369      0
    13    177    370      0
    13    182    373      0
    13    186    377      0
    13    187    384      0
    13    182    388      0
    13    175    388      0
    13    164    384      0
    13    158    380      0
    13    160    374      0
    13    164    371      0
    13    168    370      0
    13    170    369      0
    14    122    374      0
    14    131    374      0
    14    139    377      0
    14    144    382      0
    14    145    383      0
    14    145    385      0
    14    146    400      0
    14    146    402      0
    14    147    405      0
    14    149    410      0
    14    152    414      0
    14    160    417      0
    14    168    421      0
    14    178    431      0
    14    181    437      0
    14    182    445      0
    14    181    446      0
    14    181    457      0
    14    182    462      0
    14    184    467      0
    14    190    475      0
    14    196    475      0
    14    206    469      0
    14    213    469      0
    14    214    470      0
    14    222    471      0
    14    227    474      0
    14    231    478      0
    14    232    483      0
    14    229    488      0
    14    217    499      0
    14    213    501      0
    14    208    503      0
    14    207    503      0
    14    190    504      0
    14    189    503      0
    14    186    503      0
    14    180    500      0
    14    178    497      0
    14    175    487      0
    14    171    479      0
    14    165    475      0
    14    155    472      0
    14    149    468      0
    14    141    459      0
    14    127    452      0
    14    121    445      0
    14    119    436      0
    14    114    432      0
    14    110    430      0
    14    101    429      0
    14     97    427      0
    14     94    423      0
    14     94    418      0
    14     95    416      0
    14    104    403      0
    14    108    391      0
    14    116    377      0
    14    122    374      0
    15     40    457      0
    15     42    457      0
    15     45    458      0
    15     47    462      0
    15     50    470      0
    15     48    477      0
    15     44    486      0
    15     44    490      0
    15     41    496      0
    15     37    498      0
    15     34    495      0
    15     34    483      0
    15     31    475      0
    15     30    469      0
    15     31    466      0
    15     36    459      0
    15     40    457      0
