     1     61     10      0
     1     65     10      0
     1     66     11      0
     1     82     11      0
     1     83     12      0
     1     95     13      0
     1     97     14      0
     1    103     15      0
     1    107     17      0
     1    112     22      0
     1    113     29      0
     1    109     33      0
     1    100     39      0
     1     96     42      0
     1     94     47      0
     1     93     56      0
     1     89     64      0
     1     82     68      0
     1     74     65      0
     1     60     50      0
     1     57     47      0
     1     57     44      0
     1     56     38      0
     1     54     32      0
     1     50     29      0
     1     47     24      0
     1     47     19      0
     1     49     15      0
     1     56     11      0
     1     59     11      0
     1     61     10      0
     2    280     10      0
     2    288     10      0
     2    289     11      0
     2    292     11      0
     2    298     14      0
     2    306     17      0
     2    314     21      0
     2    317     27      0
     2    318     32      0
     2    317     34      0
     2    315     40      0
     2    310     48      0
     2    307     50      0
     2    291     51      0
     2    288     52      0
     2    283     55      0
     2    272     61      0
     2    267     67      0
     2    265     77      0
     2    266     81      0
     2    266     85      0
     2    266     87      0
     2    267     90      0
     2    267     92      0
     2    268    100      0
     2    267    102      0
     2    266    106      0
     2    260    123      0
     2    257    127      0
     2    253    130      0
     2    247    131      0
     2    246    130      0
     2    240    129      0
     2    229    133      0
     2    221    133      0
     2    218    132      0
     2    208    129      0
     2    182    128      0
     2    178    126      0
     2    169    117      0
     2    167    117      0
     2    166    118      0
     2    166    119      0
     2    154    143      0
     2    151    156      0
     2    148    160      0
     2    136    181      0
     2    136    183      0
     2    140    187      0
     2    143    191      0
     2    144    197      0
     2    143    199      0
     2    131    214      0
     2    128    220      0
     2    128    230      0
     2    129    234      0
     2    132    245      0
     2    132    250      0
     2    130    253      0
     2    125    256      0
     2    119    263      0
     2    112    267      0
     2    103    269      0
     2     99    270      0
     2     98    270      0
     2     90    271      0
     2     84    268      0
     2     78    262      0
     2     73    262      0
     2     70    265      0
     2     66    275      0
     2     62    281      0
     2     58    284      0
     2     52    287      0
     2     46    288      0
     2     40    285      0
     2     30    275      0
     2     26    267      0
     2     26    252      0
     2     22    244      0
     2     22    235      0
     2     25    229      0
     2     29    222      0
     2     36    217      0
     2     39    217      0
     2     42    218      0
     2     50    224      0
     2     56    225      0
     2     59    223      0
     2     59    219      0
     2     58    218      0
     2     58    209      0
     2     59    207      0
     2     63    202      0
     2     75    197      0
     2     77    195      0
     2     77    189      0
     2     74    184      0
     2     68    182      0
     2     62    182      0
     2     51    179      0
     2     47    175      0
     2     45    168      0
     2     46    161      0
     2     49    154      0
     2     56    146      0
     2     63    141      0
     2     75    137      0
     2     77    136      0
     2     85    133      0
     2     87    132      0
     2     95    133      0
     2     98    135      0
     2    104    135      0
     2    109    130      0
     2    113    127      0
     2    119    127      0
     2    122    129      0
     2    129    129      0
     2    135    122      0
     2    136    120      0
     2    144    111      0
     2    152    107      0
     2    157    108      0
     2    165    114      0
     2    168    114      0
     2    176    102      0
     2    185     84      0
     2    194     74      0
     2    199     61      0
     2    201     59      0
     2    205     57      0
     2    211     58      0
     2    223     71      0
     2    228     72      0
     2    236     69      0
     2    243     63      0
     2    245     57      0
     2    245     46      0
     2    244     38      0
     2    244     34      0
     2    247     28      0
     2    261     18      0
     2    273     12      0
     2    278     11      0
     2    280     10      0
     3    421     12      0
     3    426     12      0
     3    427     13      0
     3    446     13      0
     3    451     16      0
     3    454     21      0
     3    455     27      0
     3    444     51      0
     3    440     54      0
     3    432     57      0
     3    424     57      0
     3    423     56      0
     3    410     55      0
     3    404     57      0
     3    402     60      0
     3    401     69      0
     3    397     74      0
     3    395     75      0
     3    392     76      0
     3    376     77      0
     3    371     78      0
     3    366     82      0
     3    363     88      0
     3    363     92      0
     3    362     94      0
     3    360    102      0
     3    355    114      0
     3    355    121      0
     3    356    126      0
     3    357    129      0
     3    366    132      0
     3    373    138      0
     3    375    143      0
     3    376    150      0
     3    375    153      0
     3    370    159      0
     3    365    168      0
     3    360    182      0
     3    352    198      0
     3    352    211      0
     3    351    213      0
     3    348    217      0
     3    343    220      0
     3    341    220      0
     3    334    221      0
     3    332    220      0
     3    324    217      0
     3    319    217      0
     3    313    224      0
     3    312    226      0
     3    310    227      0
     3    309    228      0
     3    301    232      0
     3    295    232      0
     3    293    232      0
     3    288    228      0
     3    284    226      0
     3    280    225      0
     3    275    225      0
     3    267    227      0
     3    263    229      0
     3    259    234      0
     3    253    245      0
     3    248    250      0
     3    246    251      0
     3    241    252      0
     3    237    249      0
     3    233    242      0
     3    233    238      0
     3    230    230      0
     3    226    226      0
     3    221    222      0
     3    216    222      0
     3    212    223      0
     3    210    224      0
     3    202    225      0
     3    201    224      0
     3    197    223      0
     3    190    216      0
     3    184    213      0
     3    176    213      0
     3    174    212      0
     3    171    208      0
     3    171    204      0
     3    172    202      0
     3    177    198      0
     3    183    196      0
     3    187    192      0
     3    192    181      0
     3    194    178      0
     3    199    174      0
     3    204    173      0
     3    212    176      0
     3    234    180      0
     3    238    179      0
     3    249    169      0
     3    253    168      0
     3    263    166      0
     3    265    165      0
     3    281    163      0
     3    285    160      0
     3    285    154      0
     3    282    152      0
     3    279    152      0
     3    275    149      0
     3    275    145      0
     3    277    142      0
     3    283    142      0
     3    286    144      0
     3    291    144      0
     3    293    141      0
     3    293    136      0
     3    294    134      0
     3    297    132      0
     3    309    132      0
     3    313    128      0
     3    318    118      0
     3    321    114      0
     3    322    112      0
     3    324    111      0
     3    327    106      0
     3    326    105      0
     3    325     96      0
     3    324     96      0
     3    324     79      0
     3    326     73      0
     3    326     72      0
     3    330     68      0
     3    346     64      0
     3    350     61      0
     3    354     53      0
     3    356     41      0
     3    358     38      0
     3    361     36      0
     3    366     35      0
     3    379     29      0
     3    387     29      0
     3    388     30      0
     3    393     30      0
     3    396     29      0
     3    407     17      0
     3    415     13      0
     3    419     13      0
     3    421     12      0
     4    130     16      0
     4    132     16      0
     4    134     20      0
     4    132     24      0
     4    129     26      0
     4    125     23      0
     4    125     18      0
     4    130     15      0
     5    201     16      0
     5    207     16      0
     5    208     17      0
     5    210     17      0
     5    214     20      0
     5    217     25      0
     5    218     31      0
     5    217     33      0
     5    213     38      0
     5    205     43      0
     5    200     44      0
     5    196     42      0
     5    193     40      0
     5    190     32      0
     5    192     24      0
     5    196     19      0
     5    201     16      0
     6    474     24      0
     6    475     24      0
     6    477     27      0
     6    478     30      0
     6    474     35      0
     6    470     36      0
     6    468     33      0
     6    468     27      0
     6    469     25      0
     6    474     23      0
     7    308     57      0
     7    309     57      0
     7    313     58      0
     7    316     61      0
     7    316     63      0
     7    316     65      0
     7    316     70      0
     7    309     84      0
     7    309     91      0
     7    309     93      0
     7    309     97      0
     7    309    103      0
     7    307    107      0
     7    304    110      0
     7    301    111      0
     7    296    108      0
     7    293    102      0
     7    293     97      0
     7    295     93      0
     7    304     82      0
     7    304     76      0
     7    303     75      0
     7    303     64      0
     7    304     62      0
     7    308     57      0
     8    464     82      0
     8    466     83      0
     8    467     87      0
     8    464     89      0
     8    461     88      0
     8    460     84      0
     8    464     81      0
     9     59     91      0
     9     62     91      0
     9     63     92      0
     9     65     96      0
     9     61    101      0
     9     57    100      0
     9     56     98      0
     9     56     94      0
     9     57     92      0
     9     59     91      0
    10    405    163      0
    10    410    163      0
    10    412    164      0
    10    417    168      0
    10    426    184      0
    10    430    190      0
    10    433    195      0
    10    438    202      0
    10    445    207      0
    10    450    207      0
    10    456    201      0
    10    461    198      0
    10    467    197      0
    10    473    200      0
    10    476    205      0
    10    477    213      0
    10    476    214      0
    10    475    224      0
    10    472    230      0
    10    467    232      0
    10    461    232      0
    10    458    229      0
    10    453    222      0
    10    450    220      0
    10    446    221      0
    10    438    229      0
    10    433    238      0
    10    428    244      0
    10    427    246      0
    10    424    248      0
    10    420    250      0
    10    415    251      0
    10    405    245      0
    10    400    246      0
    10    395    250      0
    10    387    255      0
    10    380    256      0
    10    375    254      0
    10    371    247      0
    10    369    239      0
    10    369    229      0
    10    371    222      0
    10    371    214      0
    10    375    206      0
    10    385    198      0
    10    391    190      0
    10    394    178      0
    10    396    170      0
    10    399    166      0
    10    405    163      0
    11    455    168      0
    11    459    168      0
    11    461    170      0
    11    462    173      0
    11    459    176      0
    11    455    177      0
    11    452    175      0
    11    452    171      0
    11    455    168      0
    12    312    248      0
    12    320    248      0
    12    324    250      0
    12    331    257      0
    12    338    274      0
    12    342    289      0
    12    342    291      0
    12    343    300      0
    12    341    306      0
    12    333    317      0
    12    332    321      0
    12    333    325      0
    12    344    338      0
    12    347    343      0
    12    350    354      0
    12    351    362      0
    12    349    366      0
    12    345    369      0
    12    337    372      0
    12    334    374      0
    12    329    381      0
    12    319    390      0
    12    319    394      0
    12    325    411      0
    12    328    416      0
    12    334    430      0
    12    338    434      0
    12    343    434      0
    12    349    429      0
    12    360    423      0
    12    366    416      0
    12    373    410      0
    12    378    402      0
    12    381    397      0
    12    392    394      0
    12    400    390      0
    12    405    389      0
    12    407    388      0
    12    416    388      0
    12    421    384      0
    12    422    379      0
    12    421    375      0
    12    416    371      0
    12    415    371      0
    12    410    367      0
    12    407    363      0
    12    405    349      0
    12    401    341      0
    12    397    337      0
    12    392    330      0
    12    392    321      0
    12    394    317      0
    12    398    312      0
    12    402    309      0
    12    408    308      0
    12    414    311      0
    12    418    317      0
    12    422    324      0
    12    426    326      0
    12    434    326      0
    12    444    329      0
    12    455    338      0
    12    464    348      0
    12    467    354      0
    12    468    357      0
    12    466    361      0
    12    463    363      0
    12    453    368      0
    12    452    370      0
    12    438    401      0
    12    432    409      0
    12    428    416      0
    12    428    435      0
    12    430    442      0
    12    435    452      0
    12    436    460      0
    12    435    463      0
    12    430    467      0
    12    423    468      0
    12    422    467      0
    12    420    467      0
    12    411    458      0
    12    407    458      0
    12    406    459      0
    12    402    466      0
    12    392    477      0
    12    384    481      0
    12    379    481      0
    12    376    477      0
    12    374    469      0
    12    373    465      0
    12    364    455      0
    12    362    452      0
    12    356    447      0
    12    348    445      0
    12    343    447      0
    12    331    462      0
    12    329    468      0
    12    326    476      0
    12    320    482      0
    12    316    484      0
    12    308    484      0
    12    307    483      0
    12    303    482      0
    12    298    478      0
    12    295    473      0
    12    295    468      0
    12    298    462      0
    12    298    454      0
    12    296    450      0
    12    288    443      0
    12    278    441      0
    12    274    438      0
    12    272    432      0
    12    274    426      0
    12    278    422      0
    12    280    422      0
    12    290    419      0
    12    294    414      0
    12    297    406      0
    12    299    402      0
    12    312    390      0
    12    312    386      0
    12    311    382      0
    12    309    379      0
    12    309    374      0
    12    308    373      0
    12    308    364      0
    12    307    363      0
    12    305    363      0
    12    295    374      0
    12    295    375      0
    12    285    387      0
    12    284    391      0
    12    281    397      0
    12    272    405      0
    12    265    409      0
    12    261    412      0
    12    259    416      0
    12    258    424      0
    12    256    426      0
    12    256    427      0
    12    249    431      0
    12    233    432      0
    12    228    434      0
    12    227    437      0
    12    227    442      0
    12    226    443      0
    12    226    451      0
    12    225    453      0
    12    222    457      0
    12    217    460      0
    12    209    460      0
    12    208    459      0
    12    200    455      0
    12    194    455      0
    12    187    452      0
    12    185    450      0
    12    182    444      0
    12    183    430      0
    12    182    429      0
    12    182    425      0
    12    181    424      0
    12    181    416      0
    12    182    415      0
    12    183    411      0
    12    187    407      0
    12    193    404      0
    12    200    404      0
    12    201    405      0
    12    204    405      0
    12    218    413      0
    12    222    413      0
    12    231    407      0
    12    238    405      0
    12    239    406      0
    12    251    406      0
    12    254    400      0
    12    254    394      0
    12    251    391      0
    12    241    391      0
    12    239    390      0
    12    236    386      0
    12    236    381      0
    12    240    376      0
    12    253    376      0
    12    256    375      0
    12    261    370      0
    12    264    365      0
    12    263    361      0
    12    257    353      0
    12    256    350      0
    12    258    345      0
    12    263    342      0
    12    268    341      0
    12    272    340      0
    12    278    334      0
    12    279    328      0
    12    277    323      0
    12    273    320      0
    12    265    317      0
    12    257    313      0
    12    251    305      0
    12    251    302      0
    12    249    299      0
    12    249    274      0
    12    250    271      0
    12    255    265      0
    12    260    263      0
    12    276    262      0
    12    279    261      0
    12    283    257      0
    12    286    252      0
    12    289    252      0
    12    297    254      0
    12    300    254      0
    12    312    248      0
    13    138    274      0
    13    142    274      0
    13    148    275      0
    13    151    279      0
    13    152    286      0
    13    145    297      0
    13    145    303      0
    13    147    307      0
    13    151    310      0
    13    162    310      0
    13    172    307      0
    13    180    307      0
    13    189    312      0
    13    198    315      0
    13    204    316      0
    13    210    319      0
    13    213    322      0
    13    216    325      0
    13    217    335      0
    13    215    343      0
    13    210    347      0
    13    203    348      0
    13    195    344      0
    13    190    345      0
    13    187    349      0
    13    186    353      0
    13    182    362      0
    13    179    365      0
    13    171    368      0
    13    158    370      0
    13    156    370      0
    13    141    372      0
    13    131    375      0
    13    130    375      0
    13    128    375      0
    13    125    375      0
    13    122    372      0
    13    113    353      0
    13    108    349      0
    13     92    337      0
    13     87    332      0
    13     87    324      0
    13     92    316      0
    13     93    314      0
    13     98    306      0
    13    103    303      0
    13    107    304      0
    13    113    304      0
    13    117    301      0
    13    124    291      0
    13    130    284      0
    13    131    282      0
    13    134    278      0
    13    135    276      0
    13    138    274      0
    14    478    310      0
    14    479    310      0
    14    483    311      0
    14    487    315      0
    14    487    319      0
    14    479    326      0
    14    474    332      0
    14    471    334      0
    14    469    333      0
    14    469    327      0
    14    472    322      0
    14    474    314      0
    14    478    310      0
    15     92    368      0
    15     98    369      0
    15    104    372      0
    15    111    377      0
    15    116    386      0
    15    121    392      0
    15    133    408      0
    15    138    419      0
    15    139    425      0
    15    133    439      0
    15    133    443      0
    15    136    448      0
    15    137    458      0
    15    141    466      0
    15    140    471      0
    15    136    478      0
    15    130    493      0
    15    125    500      0
    15    124    502      0
    15    120    505      0
    15    116    507      0
    15    111    508      0
    15    107    506      0
    15    103    503      0
    15     96    492      0
    15     92    488      0
    15     88    486      0
    15     84    486      0
    15     83    485      0
    15     75    485      0
    15     74    486      0
    15     70    493      0
    15     63    501      0
    15     58    504      0
    15     53    506      0
    15     52    506      0
    15     46    505      0
    15     42    501      0
    15     38    493      0
    15     38    485      0
    15     41    479      0
    15     49    474      0
    15     57    467      0
    15     57    462      0
    15     54    459      0
    15     51    453      0
    15     51    438      0
    15     50    434      0
    15     48    430      0
    15     47    424      0
    15     46    421      0
    15     40    412      0
    15     40    406      0
    15     41    405      0
    15     42    403      0
    15     52    398      0
    15     57    394      0
    15     67    389      0
    15     75    383      0
    15     83    372      0
    15     86    370      0
    15     90    369      0
    15     92    368      0
    16    155    448      0
    16    159    448      0
    16    161    449      0
    16    165    453      0
    16    166    455      0
    16    167    461      0
    16    164    466      0
    16    159    469      0
    16    155    470      0
    16    151    466      0
    16    150    464      0
    16    150    454      0
    16    152    450      0
    16    155    448      0
    17    491    460      0
    17    493    460      0
    17    494    461      0
    17    495    463      0
    17    494    464      0
    17    492    465      0
    17    490    463      0
    17    491    461      0
