1  34  1190.52
2  13  182.834
3  21  553.612
4  8  35.7327
5  13  232.675
6  13  246.727
7  24  763.099
8  10  64.9648
9  12  200.747
10  40  1488.45
11  103  4195.68
12  34  776.729
13  9  85.2383
14  12  237.461
15  11  198.264
16  42  1362.02
17  13  204.011
18  9  46.0684
19  15  210.676
20  27  1101.1
21  21  510.836
22  11  193.029
23  17  371.352
24  13  120.918
25  7  11.8147
26  10  139.911
27  11  126.744
28  11  95.4775
29  17  438.174
30  43  1853.47
31  12  161.75
32  32  1302.35
33  18  524.93
34  12  233.633
35  12  254.332
36  18  597.92
37  20  959.176
38  11  220.395
39  9  55.8984
40  118  4858.1
41  11  183.582
42  20  760.659
43  11  77.21
44  22  488.891
45  13  217.734
46  22  518.045
47  42  1682.4
48  16  409.84
49  17  112.824
50  17  318.008
51  21  748.57
52  9  50.2344
53  49  2136.91
54  25  1032.74
55  8  59.1719
56  11  217.078
57  12  196.648
58  61  3216.21
59  58  2633.66
60  26  766.75
61  9  34.5542
62  12  198.852
63  10  187.238
64  11  120.922
65  10  72.2656
66  11  263.379
67  10  96.6953
