1  28  1069.76
2  13  255.672
3  20  650.87
4  25  1003.82
5  13  277.433
6  18  618.252
7  17  715.265
8  14  290.725
9  21  691.646
10  8  28.3931
11  15  197.097
12  20  413.267
13  58  2390.27
14  17  263.505
15  9  98.4668
16  9  21.7319
17  11  213.703
18  55  2385.22
19  11  100.508
20  33  931.945
21  46  2055.21
22  25  741.93
23  10  159.26
24  12  185.143
25  38  1204.18
26  20  800.91
27  6  11.6055
28  13  301.908
29  41  2193.81
30  14  545.745
31  8  28.4609
32  9  84.2969
33  12  222.275
34  11  238.647
35  14  395.604
36  17  631.41
37  34  1284.65
38  15  243.547
39  107  6194.42
40  24  811.336
41  15  362.699
42  14  256.33
43  15  337.711
44  55  1762.62
45  9  70.2852
46  9  74.293
47  26  944.348
48  9  88.9238
49  23  526.203
50  11  145.855
51  87  3639.74
52  71  2930.62
53  7  17.8086
54  10  114.273
55  12  192.637
56  19  391.554
57  17  448.383
58  18  356.539
59  9  87.0742
60  17  432.25
61  12  211.605
62  12  120.789
63  9  36.7188
64  45  1989.38
65  14  243.734
66  18  464.281
67  19  812.471
68  8  18.1406
69  30  1832.45
70  17  574.875
71  9  44.0312
72  23  668.633
73  9  46.1719
