1  18  736.944
2  34  1283.83
3  27  708.169
4  17  645.586
5  13  326.832
6  92  5661.25
7  14  280.82
8  32  792.437
9  30  1217.16
10  13  332.055
11  35  1925.7
12  17  387.547
13  7  28.98
14  19  650.442
15  117  7176.77
16  15  321.828
17  27  609.613
18  13  425.375
19  12  163.686
20  8  24.1855
21  14  436.047
22  135  8931.46
23  9  37.7305
24  82  3755.98
25  70  4578.82
26  9  91.7227
27  13  272.195
28  11  159.127
29  32  1656.45
30  84  4686.59
31  11  70.1426
32  10  172.675
33  50  2957.55
34  14  265.453
35  14  372.855
36  67  3950.44
37  26  997.28
38  19  649.5
39  37  2243.27
40  12  80.1172
41  58  3334.1
42  12  132.141
43  28  1417.72
44  23  1089.87
45  10  158.148
46  8  31.9062
47  13  433.301
