1  41  1625.55
2  35  2754.83
3  17  462.88
4  15  195.085
5  10  132.108
6  14  769.002
7  61  3179.31
8  35  2079.74
9  37  2488.04
10  17  427.555
11  7  20.9121
12  23  1252.19
13  15  219.594
14  17  580.656
15  12  227.503
16  18  337.9
17  11  147.635
18  124  9501.23
19  28  741.495
20  59  4911.25
21  127  8315.37
22  12  208.298
23  14  278.458
24  27  1172.55
25  14  214.797
26  20  587.086
27  11  89.595
28  11  106.227
29  39  2164.9
30  18  331.863
31  14  379.77
32  12  224.846
33  106  8295.25
34  17  442.293
35  48  2179.35
36  11  248.12
37  217  13219.7
38  17  591.855
39  25  617.039
40  8  29.0078
41  52  2341.05
42  16  396.581
43  10  55.9453
44  12  182.479
45  11  131.391
