     1    271      6      0
     1    273      6      0
     1    278     10      0
     1    281     10      0
     1    283      9      0
     1    290      9      0
     1    301     18      0
     1    307     18      0
     1    309     17      0
     1    318     17      0
     1    322     22      0
     1    324     28      0
     1    324     30      0
     1    326     35      0
     1    326     37      0
     1    327     49      0
     1    326     50      0
     1    326     54      0
     1    323     60      0
     1    319     64      0
     1    310     69      0
     1    304     68      0
     1    296     59      0
     1    288     43      0
     1    287     43      0
     1    278     45      0
     1    274     44      0
     1    272     42      0
     1    270     38      0
     1    271     31      0
     1    264     24      0
     1    263     20      0
     1    262     19      0
     1    263     17      0
     1    263     13      0
     1    266      8      0
     1    271      5      0
     2     99     14      0
     2    106     14      0
     2    110     16      0
     2    111     18      0
     2    112     26      0
     2    121     33      0
     2    125     38      0
     2    125     43      0
     2    123     48      0
     2    120     50      0
     2    114     51      0
     2    109     47      0
     2    104     37      0
     2    101     36      0
     2     94     36      0
     2     89     33      0
     2     86     28      0
     2     86     22      0
     2     89     18      0
     2     93     16      0
     2     97     15      0
     2     99     14      0
     3    147     19      0
     3    150     19      0
     3    153     22      0
     3    159     38      0
     3    162     43      0
     3    165     43      0
     3    169     40      0
     3    174     29      0
     3    179     23      0
     3    184     22      0
     3    189     26      0
     3    194     36      0
     3    198     41      0
     3    203     48      0
     3    205     53      0
     3    201     61      0
     3    193     70      0
     3    191     71      0
     3    186     73      0
     3    179     76      0
     3    174     76      0
     3    167     72      0
     3    165     71      0
     3    160     72      0
     3    155     73      0
     3    150     71      0
     3    145     66      0
     3    143     61      0
     3    143     54      0
     3    144     52      0
     3    145     44      0
     3    144     38      0
     3    143     24      0
     3    147     19      0
     4    375     21      0
     4    376     21      0
     4    378     21      0
     4    380     23      0
     4    379     27      0
     4    376     28      0
     4    374     25      0
     4    375     21      0
     5    223     28      0
     5    225     28      0
     5    226     29      0
     5    227     31      0
     5    225     32      0
     5    222     32      0
     5    222     29      0
     5    223     28      0
     6    111     57      0
     6    117     57      0
     6    119     58      0
     6    126     63      0
     6    132     73      0
     6    137     77      0
     6    140     82      0
     6    141     88      0
     6    139     92      0
     6    135     95      0
     6    122    102      0
     6    118    103      0
     6    115    100      0
     6    111     93      0
     6    107     80      0
     6    101     75      0
     6     99     71      0
     6     99     65      0
     6    102     61      0
     6    104     60      0
     6    111     57      0
     7    368     59      0
     7    369     59      0
     7    375     60      0
     7    379     63      0
     7    386     72      0
     7    391     82      0
     7    393     89      0
     7    391     93      0
     7    388     97      0
     7    380    101      0
     7    368     99      0
     7    361     99      0
     7    360     98      0
     7    358     98      0
     7    352     92      0
     7    350     87      0
     7    352     80      0
     7    359     74      0
     7    359     70      0
     7    360     67      0
     7    365     61      0
     7    368     59      0
     8    336     68      0
     8    338     68      0
     8    339     70      0
     8    338     74      0
     8    335     75      0
     8    334     71      0
     8    336     68      0
     9     42     74      0
     9     59     75      0
     9     64     77      0
     9     71     87      0
     9     72     88      0
     9     76     88      0
     9     78     88      0
     9     87     87      0
     9     91     89      0
     9     94     94      0
     9     95     99      0
     9     91    107      0
     9     88    110      0
     9     86    114      0
     9     82    119      0
     9     76    121      0
     9     64    114      0
     9     52    114      0
     9     50    115      0
     9     48    119      0
     9     44    124      0
     9     38    127      0
     9     29    128      0
     9     28    128      0
     9     28    130      0
     9     30    136      0
     9     31    139      0
     9     29    143      0
     9     25    145      0
     9     19    144      0
     9     17    141      0
     9     17    136      0
     9     19    132      0
     9     24    128      0
     9     24    126      0
     9     18    122      0
     9     15    116      0
     9     15    111      0
     9     19    105      0
     9     20    105      0
     9     23    101      0
     9     23     99      0
     9     20     93      0
     9     21     87      0
     9     25     84      0
     9     30     84      0
     9     31     85      0
     9     33     85      0
     9     35     83      0
     9     38     77      0
     9     42     74      0
    10    465     79      0
    10    469     79      0
    10    472     80      0
    10    477     90      0
    10    478     91      0
    10    481     96      0
    10    482     99      0
    10    483    101      0
    10    482    109      0
    10    478    115      0
    10    473    118      0
    10    467    120      0
    10    463    118      0
    10    459    113      0
    10    459    107      0
    10    460    106      0
    10    460    104      0
    10    462    102      0
    10    468     90      0
    10    464     85      0
    10    464     80      0
    10    465     79      0
    11    284     94      0
    11    287     94      0
    11    291     97      0
    11    292    102      0
    11    288    106      0
    11    283    107      0
    11    281    106      0
    11    273     97      0
    11    274     95      0
    11    282     95      0
    11    284     94      0
    12    208    104      0
    12    222    104      0
    12    227    108      0
    12    228    112      0
    12    214    124      0
    12    207    127      0
    12    204    130      0
    12    204    134      0
    12    207    140      0
    12    215    150      0
    12    216    158      0
    12    215    159      0
    12    215    162      0
    12    210    170      0
    12    208    174      0
    12    208    177      0
    12    212    182      0
    12    215    187      0
    12    216    192      0
    12    215    196      0
    12    211    200      0
    12    205    201      0
    12    201    199      0
    12    195    192      0
    12    187    188      0
    12    184    185      0
    12    178    182      0
    12    173    182      0
    12    168    184      0
    12    163    184      0
    12    156    179      0
    12    153    179      0
    12    151    180      0
    12    143    183      0
    12    138    184      0
    12    136    183      0
    12    133    179      0
    12    133    175      0
    12    134    173      0
    12    138    169      0
    12    142    165      0
    12    143    157      0
    12    147    150      0
    12    154    143      0
    12    161    140      0
    12    167    140      0
    12    171    142      0
    12    177    152      0
    12    180    153      0
    12    183    150      0
    12    186    146      0
    12    186    136      0
    12    182    133      0
    12    176    119      0
    12    178    112      0
    12    186    106      0
    12    189    106      0
    12    190    107      0
    12    202    107      0
    12    208    104      0
    13    435    108      0
    13    437    108      0
    13    442    110      0
    13    445    116      0
    13    446    120      0
    13    444    124      0
    13    441    126      0
    13    436    127      0
    13    433    125      0
    13    430    120      0
    13    430    115      0
    13    433    109      0
    13    435    108      0
    14    256    121      0
    14    257    121      0
    14    261    125      0
    14    262    126      0
    14    263    128      0
    14    262    138      0
    14    262    140      0
    14    265    145      0
    14    266    148      0
    14    263    153      0
    14    263    161      0
    14    266    174      0
    14    266    176      0
    14    269    178      0
    14    272    176      0
    14    276    175      0
    14    278    176      0
    14    279    178      0
    14    277    180      0
    14    273    182      0
    14    271    183      0
    14    271    195      0
    14    267    200      0
    14    259    201      0
    14    249    196      0
    14    249    192      0
    14    252    187      0
    14    252    185      0
    14    249    183      0
    14    241    180      0
    14    234    173      0
    14    232    169      0
    14    232    156      0
    14    227    148      0
    14    227    141      0
    14    231    136      0
    14    240    134      0
    14    252    121      0
    14    256    120      0
    15    156    123      0
    15    158    123      0
    15    160    126      0
    15    158    128      0
    15    155    128      0
    15    154    125      0
    15    156    123      0
    16    453    126      0
    16    458    126      0
    16    460    128      0
    16    464    134      0
    16    466    136      0
    16    473    138      0
    16    477    142      0
    16    479    147      0
    16    480    154      0
    16    478    157      0
    16    474    159      0
    16    459    151      0
    16    451    147      0
    16    449    144      0
    16    448    141      0
    16    447    134      0
    16    448    133      0
    16    448    131      0
    16    453    126      0
    17    307    150      0
    17    309    150      0
    17    323    161      0
    17    329    167      0
    17    332    173      0
    17    332    178      0
    17    327    182      0
    17    319    183      0
    17    315    181      0
    17    309    175      0
    17    305    175      0
    17    300    177      0
    17    294    179      0
    17    290    177      0
    17    287    173      0
    17    287    166      0
    17    289    162      0
    17    300    151      0
    17    304    150      0
    17    307    149      0
    18    423    152      0
    18    428    152      0
    18    430    154      0
    18    430    157      0
    18    425    160      0
    18    421    160      0
    18    419    157      0
    18    420    154      0
    18    423    152      0
    19    488    168      0
    19    493    168      0
    19    495    169      0
    19    503    178      0
    19    505    182      0
    19    506    188      0
    19    505    190      0
    19    500    194      0
    19    497    195      0
    19    492    197      0
    19    487    198      0
    19    486    197      0
    19    482    195      0
    19    480    190      0
    19    480    188      0
    19    480    176      0
    19    482    171      0
    19    488    168      0
    20     72    177      0
    20     86    177      0
    20     94    183      0
    20     98    188      0
    20     99    194      0
    20     98    196      0
    20     94    200      0
    20     92    201      0
    20     87    203      0
    20     72    207      0
    20     71    207      0
    20     64    207      0
    20     64    208      0
    20     68    213      0
    20     70    213      0
    20     79    217      0
    20     82    222      0
    20     84    228      0
    20     86    234      0
    20     96    239      0
    20    100    243      0
    20    104    243      0
    20    113    236      0
    20    115    236      0
    20    117    235      0
    20    122    236      0
    20    127    240      0
    20    131    246      0
    20    130    252      0
    20    125    257      0
    20    123    258      0
    20    119    261      0
    20    119    262      0
    20    113    269      0
    20    106    274      0
    20     95    270      0
    20     91    266      0
    20     90    262      0
    20     86    260      0
    20     81    260      0
    20     78    259      0
    20     76    254      0
    20     77    245      0
    20     76    243      0
    20     72    239      0
    20     68    239      0
    20     65    241      0
    20     59    244      0
    20     52    245      0
    20     49    246      0
    20     48    250      0
    20     48    256      0
    20     48    259      0
    20     47    264      0
    20     45    266      0
    20     35    267      0
    20     30    272      0
    20     25    280      0
    20     22    282      0
    20     16    281      0
    20     12    276      0
    20     13    273      0
    20     23    268      0
    20     26    264      0
    20     27    258      0
    20     21    250      0
    20     18    238      0
    20     18    232      0
    20     21    226      0
    20     26    223      0
    20     30    223      0
    20     35    227      0
    20     38    236      0
    20     41    240      0
    20     48    240      0
    20     50    237      0
    20     56    225      0
    20     54    222      0
    20     41    217      0
    20     38    214      0
    20     35    210      0
    20     27    203      0
    20     25    199      0
    20     27    194      0
    20     31    192      0
    20     38    192      0
    20     46    190      0
    20     51    183      0
    20     55    180      0
    20     59    180      0
    20     72    177      0
    21    142    194      0
    21    147    194      0
    21    148    195      0
    21    150    195      0
    21    154    199      0
    21    155    203      0
    21    154    205      0
    21    149    209      0
    21    144    210      0
    21    139    205      0
    21    138    199      0
    21    142    194      0
    22    394    195      0
    22    397    195      0
    22    399    196      0
    22    407    197      0
    22    409    198      0
    22    417    206      0
    22    419    207      0
    22    424    207      0
    22    432    211      0
    22    434    214      0
    22    435    220      0
    22    434    222      0
    22    432    224      0
    22    429    225      0
    22    424    227      0
    22    423    230      0
    22    423    234      0
    22    421    237      0
    22    417    239      0
    22    412    239      0
    22    409    236      0
    22    405    225      0
    22    402    224      0
    22    394    222      0
    22    389    218      0
    22    386    212      0
    22    386    206      0
    22    387    205      0
    22    387    202      0
    22    390    197      0
    22    394    195      0
    23    488    204      0
    23    490    204      0
    23    493    207      0
    23    494    210      0
    23    492    212      0
    23    487    213      0
    23    486    212      0
    23    485    207      0
    23    488    204      0
    24    125    214      0
    24    130    214      0
    24    135    217      0
    24    137    224      0
    24    134    229      0
    24    130    231      0
    24    123    229      0
    24    120    223      0
    24    121    218      0
    24    125    214      0
    25    457    216      0
    25    464    216      0
    25    466    217      0
    25    468    220      0
    25    469    223      0
    25    468    224      0
    25    466    235      0
    25    471    247      0
    25    473    255      0
    25    475    259      0
    25    481    259      0
    25    485    261      0
    25    487    264      0
    25    488    268      0
    25    483    272      0
    25    476    273      0
    25    472    270      0
    25    469    267      0
    25    466    267      0
    25    465    267      0
    25    465    271      0
    25    466    273      0
    25    459    287      0
    25    459    289      0
    25    460    291      0
    25    462    292      0
    25    470    293      0
    25    472    295      0
    25    473    295      0
    25    475    299      0
    25    476    304      0
    25    474    308      0
    25    474    323      0
    25    473    325      0
    25    468    330      0
    25    462    333      0
    25    461    335      0
    25    460    345      0
    25    459    351      0
    25    458    353      0
    25    454    358      0
    25    449    361      0
    25    443    367      0
    25    436    370      0
    25    431    366      0
    25    429    362      0
    25    428    357      0
    25    425    355      0
    25    420    353      0
    25    416    348      0
    25    415    340      0
    25    413    338      0
    25    409    338      0
    25    407    339      0
    25    399    342      0
    25    391    343      0
    25    388    345      0
    25    387    348      0
    25    387    358      0
    25    386    360      0
    25    383    362      0
    25    379    363      0
    25    374    361      0
    25    373    358      0
    25    370    350      0
    25    366    347      0
    25    360    344      0
    25    357    344      0
    25    355    351      0
    25    352    353      0
    25    348    354      0
    25    342    350      0
    25    338    346      0
    25    338    339      0
    25    340    335      0
    25    340    316      0
    25    341    315      0
    25    341    312      0
    25    345    307      0
    25    354    303      0
    25    360    304      0
    25    367    310      0
    25    373    312      0
    25    377    312      0
    25    382    316      0
    25    390    318      0
    25    397    323      0
    25    401    323      0
    25    405    321      0
    25    409    320      0
    25    414    323      0
    25    419    323      0
    25    426    318      0
    25    430    317      0
    25    435    313      0
    25    437    305      0
    25    440    302      0
    25    443    297      0
    25    443    293      0
    25    436    288      0
    25    435    283      0
    25    440    272      0
    25    441    266      0
    25    435    255      0
    25    435    248      0
    25    439    242      0
    25    446    238      0
    25    448    234      0
    25    448    226      0
    25    449    225      0
    25    449    222      0
    25    451    219      0
    25    457    216      0
    26    203    218      0
    26    208    218      0
    26    216    222      0
    26    220    222      0
    26    224    220      0
    26    232    220      0
    26    234    221      0
    26    242    220      0
    26    246    218      0
    26    254    218      0
    26    257    221      0
    26    258    231      0
    26    261    238      0
    26    263    244      0
    26    262    247      0
    26    258    252      0
    26    253    262      0
    26    251    262      0
    26    247    253      0
    26    243    249      0
    26    239    249      0
    26    229    260      0
    26    229    270      0
    26    228    271      0
    26    227    275      0
    26    222    279      0
    26    217    281      0
    26    216    282      0
    26    214    286      0
    26    211    290      0
    26    206    293      0
    26    201    294      0
    26    194    287      0
    26    190    287      0
    26    188    292      0
    26    184    296      0
    26    177    298      0
    26    177    297      0
    26    172    294      0
    26    172    292      0
    26    170    285      0
    26    168    280      0
    26    168    271      0
    26    170    262      0
    26    173    258      0
    26    177    257      0
    26    182    255      0
    26    185    251      0
    26    186    244      0
    26    189    239      0
    26    196    233      0
    26    196    227      0
    26    197    226      0
    26    198    222      0
    26    203    218      0
    27    326    224      0
    27    328    225      0
    27    328    233      0
    27    328    235      0
    27    334    238      0
    27    337    243      0
    27    338    247      0
    27    334    263      0
    27    330    275      0
    27    328    282      0
    27    316    295      0
    27    310    298      0
    27    303    298      0
    27    303    299      0
    27    313    319      0
    27    316    322      0
    27    318    323      0
    27    321    328      0
    27    322    334      0
    27    320    336      0
    27    318    336      0
    27    310    331      0
    27    303    331      0
    27    299    332      0
    27    290    342      0
    27    289    342      0
    27    283    343      0
    27    281    344      0
    27    272    352      0
    27    270    353      0
    27    265    355      0
    27    263    354      0
    27    255    351      0
    27    247    351      0
    27    246    350      0
    27    242    350      0
    27    236    356      0
    27    231    358      0
    27    225    358      0
    27    221    354      0
    27    219    349      0
    27    220    344      0
    27    223    340      0
    27    230    336      0
    27    237    321      0
    27    236    318      0
    27    231    314      0
    27    228    309      0
    27    228    301      0
    27    231    296      0
    27    236    293      0
    27    240    293      0
    27    243    294      0
    27    247    298      0
    27    249    300      0
    27    256    309      0
    27    257    309      0
    27    265    319      0
    27    269    320      0
    27    275    321      0
    27    282    321      0
    27    285    318      0
    27    285    306      0
    27    284    303      0
    27    280    300      0
    27    279    294      0
    27    280    289      0
    27    283    283      0
    27    283    272      0
    27    284    271      0
    27    285    263      0
    27    287    260      0
    27    292    256      0
    27    300    256      0
    27    305    259      0
    27    308    259      0
    27    310    258      0
    27    310    255      0
    27    304    246      0
    27    304    240      0
    27    305    238      0
    27    309    235      0
    27    320    235      0
    27    322    233      0
    27    323    227      0
    27    326    224      0
    28    351    262      0
    28    358    262      0
    28    363    267      0
    28    364    271      0
    28    362    275      0
    28    359    277      0
    28    354    277      0
    28    349    274      0
    28    348    270      0
    28    348    265      0
    28    351    262      0
    29     59    287      0
    29     63    287      0
    29     67    292      0
    29     68    296      0
    29     67    298      0
    29     63    301      0
    29     58    302      0
    29     56    301      0
    29     54    298      0
    29     54    292      0
    29     55    290      0
    29     59    287      0
    30    126    293      0
    30    128    293      0
    30    132    295      0
    30    136    304      0
    30    140    310      0
    30    143    316      0
    30    143    320      0
    30    138    324      0
    30    133    325      0
    30    129    322      0
    30    119    317      0
    30    116    313      0
    30    116    306      0
    30    119    300      0
    30    121    297      0
    30    126    293      0
    31    199    298      0
    31    201    298      0
    31    203    301      0
    31    203    305      0
    31    201    306      0
    31    196    304      0
    31    196    301      0
    31    199    298      0
    32     26    301      0
    32     28    301      0
    32     32    304      0
    32     33    310      0
    32     31    314      0
    32     26    316      0
    32     21    312      0
    32     21    305      0
    32     26    301      0
    33     31    338      0
    33     40    338      0
    33     48    346      0
    33     53    348      0
    33     59    345      0
    33     64    345      0
    33     68    349      0
    33     69    352      0
    33     70    356      0
    33     68    361      0
    33     64    365      0
    33     60    367      0
    33     52    366      0
    33     47    367      0
    33     41    368      0
    33     25    358      0
    33     22    353      0
    33     22    346      0
    33     26    341      0
    33     31    338      0
    34    121    345      0
    34    123    345      0
    34    124    349      0
    34    125    352      0
    34    123    356      0
    34    119    357      0
    34    116    352      0
    34    117    348      0
    34    121    345      0
    35    184    345      0
    35    190    347      0
    35    194    351      0
    35    197    352      0
    35    205    351      0
    35    208    353      0
    35    209    356      0
    35    208    362      0
    35    208    370      0
    35    209    374      0
    35    211    379      0
    35    214    380      0
    35    219    384      0
    35    222    389      0
    35    223    395      0
    35    219    400      0
    35    213    402      0
    35    207    399      0
    35    202    394      0
    35    196    394      0
    35    195    394      0
    35    194    398      0
    35    192    399      0
    35    183    400      0
    35    182    399      0
    35    178    399      0
    35    174    394      0
    35    173    388      0
    35    178    382      0
    35    180    378      0
    35    177    374      0
    35    170    367      0
    35    163    367      0
    35    160    366      0
    35    158    363      0
    35    158    359      0
    35    162    355      0
    35    184    345      0
    36    137    363      0
    36    142    363      0
    36    145    364      0
    36    149    367      0
    36    151    371      0
    36    151    373      0
    36    151    374      0
    36    150    388      0
    36    149    390      0
    36    142    399      0
    36    139    408      0
    36    134    414      0
    36    128    415      0
    36    125    413      0
    36    121    408      0
    36    120    400      0
    36    111    387      0
    36    109    385      0
    36    103    384      0
    36     99    381      0
    36     98    376      0
    36    101    372      0
    36    106    372      0
    36    112    376      0
    36    114    375      0
    36    123    367      0
    36    137    363      0
    37    394    364      0
    37    399    365      0
    37    403    371      0
    37    406    377      0
    37    404    382      0
    37    401    384      0
    37    395    385      0
    37    393    384      0
    37    389    380      0
    37    386    372      0
    37    387    371      0
    37    387    368      0
    37    390    365      0
    37    392    365      0
    37    394    364      0
    38    428    374      0
    38    432    374      0
    38    436    377      0
    38    438    381      0
    38    439    386      0
    38    435    394      0
    38    439    403      0
    38    440    408      0
    38    435    415      0
    38    433    421      0
    38    435    425      0
    38    443    427      0
    38    447    431      0
    38    448    434      0
    38    428    450      0
    38    428    456      0
    38    427    457      0
    38    424    458      0
    38    425    452      0
    38    424    449      0
    38    417    444      0
    38    409    440      0
    38    405    434      0
    38    404    428      0
    38    405    427      0
    38    405    424      0
    38    406    423      0
    38    409    409      0
    38    411    407      0
    38    412    407      0
    38    414    406      0
    38    418    406      0
    38    422    404      0
    38    428    396      0
    38    428    393      0
    38    423    389      0
    38    421    385      0
    38    421    381      0
    38    422    377      0
    38    428    374      0
    39    278    376      0
    39    280    376      0
    39    284    379      0
    39    285    385      0
    39    281    389      0
    39    277    390      0
    39    275    388      0
    39    273    386      0
    39    273    380      0
    39    274    378      0
    39    278    376      0
    40    299    383      0
    40    301    383      0
    40    302    384      0
    40    302    386      0
    40    299    387      0
    40    298    386      0
    40    299    383      0
    41    349    390      0
    41    351    390      0
    41    355    392      0
    41    359    396      0
    41    364    407      0
    41    366    415      0
    41    363    418      0
    41    357    422      0
    41    347    423      0
    41    345    422      0
    41    338    424      0
    41    334    423      0
    41    329    418      0
    41    329    411      0
    41    332    408      0
    41    337    407      0
    41    340    403      0
    41    340    399      0
    41    342    395      0
    41    346    391      0
    41    347    391      0
    41    349    390      0
    42    455    397      0
    42    458    397      0
    42    460    398      0
    42    463    402      0
    42    464    411      0
    42    461    417      0
    42    456    421      0
    42    451    422      0
    42    449    421      0
    42    445    416      0
    42    443    408      0
    42    451    399      0
    42    455    397      0
    43     61    405      0
    43     62    405      0
    43     64    407      0
    43     69    417      0
    43     72    422      0
    43     73    429      0
    43     68    436      0
    43     67    438      0
    43     65    439      0
    43     54    450      0
    43     51    451      0
    43     42    451      0
    43     34    447      0
    43     31    441      0
    43     31    436      0
    43     35    433      0
    43     42    431      0
    43     48    428      0
    43     51    424      0
    43     51    422      0
    43     57    409      0
    43     61    405      0
    44     95    405      0
    44    101    405      0
    44    102    406      0
    44    104    407      0
    44    105    408      0
    44    106    410      0
    44    107    417      0
    44    104    420      0
    44     99    423      0
    44     94    424      0
    44     90    422      0
    44     88    419      0
    44     88    414      0
    44     91    408      0
    44     95    405      0
    45    204    413      0
    45    209    413      0
    45    211    414      0
    45    219    416      0
    45    222    417      0
    45    225    421      0
    45    228    431      0
    45    229    433      0
    45    232    433      0
    45    239    427      0
    45    244    427      0
    45    253    433      0
    45    263    437      0
    45    267    441      0
    45    269    446      0
    45    268    451      0
    45    262    454      0
    45    250    455      0
    45    249    458      0
    45    242    465      0
    45    242    467      0
    45    244    472      0
    45    247    476      0
    45    249    476      0
    45    256    470      0
    45    261    471      0
    45    268    476      0
    45    271    476      0
    45    274    478      0
    45    275    480      0
    45    272    482      0
    45    270    482      0
    45    262    482      0
    45    260    484      0
    45    260    488      0
    45    262    494      0
    45    263    500      0
    45    262    502      0
    45    258    506      0
    45    253    508      0
    45    249    506      0
    45    245    503      0
    45    241    498      0
    45    239    490      0
    45    237    489      0
    45    235    489      0
    45    230    487      0
    45    223    479      0
    45    209    480      0
    45    207    479      0
    45    203    478      0
    45    188    479      0
    45    187    478      0
    45    182    478      0
    45    181    478      0
    45    181    485      0
    45    178    491      0
    45    173    494      0
    45    167    494      0
    45    157    484      0
    45    156    484      0
    45    153    478      0
    45    154    474      0
    45    157    472      0
    45    161    472      0
    45    169    470      0
    45    180    470      0
    45    185    464      0
    45    189    462      0
    45    195    460      0
    45    198    456      0
    45    200    444      0
    45    201    440      0
    45    201    434      0
    45    200    430      0
    45    198    427      0
    45    198    421      0
    45    201    415      0
    45    204    413      0
    46    265    419      0
    46    267    419      0
    46    269    421      0
    46    270    424      0
    46    266    426      0
    46    264    424      0
    46    263    421      0
    46    265    419      0
    47    138    423      0
    47    143    425      0
    47    148    425      0
    47    154    422      0
    47    160    422      0
    47    164    426      0
    47    165    428      0
    47    166    433      0
    47    163    437      0
    47    157    440      0
    47    152    441      0
    47    149    442      0
    47    147    445      0
    47    147    449      0
    47    145    453      0
    47    138    465      0
    47    130    472      0
    47    130    476      0
    47    132    479      0
    47    136    481      0
    47    139    484      0
    47    142    492      0
    47    141    497      0
    47    137    500      0
    47    133    501      0
    47    123    496      0
    47    117    495      0
    47    112    491      0
    47    109    486      0
    47    109    475      0
    47    110    472      0
    47    115    466      0
    47    115    462      0
    47    114    458      0
    47    110    456      0
    47    102    454      0
    47     95    448      0
    47     92    439      0
    47     95    433      0
    47     99    430      0
    47    106    430      0
    47    108    431      0
    47    113    434      0
    47    119    444      0
    47    121    446      0
    47    127    446      0
    47    132    442      0
    47    132    440      0
    47    132    437      0
    47    131    428      0
    47    135    423      0
    47    138    422      0
    48    474    429      0
    48    478    429      0
    48    480    430      0
    48    484    434      0
    48    485    435      0
    48    492    444      0
    48    494    448      0
    48    494    450      0
    48    496    463      0
    48    492    467      0
    48    490    468      0
    48    481    469      0
    48    479    468      0
    48    473    466      0
    48    471    468      0
    48    471    488      0
    48    471    490      0
    48    472    494      0
    48    471    495      0
    48    471    497      0
    48    467    500      0
    48    461    501      0
    48    453    496      0
    48    450    491      0
    48    450    486      0
    48    451    484      0
    48    454    474      0
    48    454    468      0
    48    455    466      0
    48    456    457      0
    48    455    452      0
    48    454    445      0
    48    456    441      0
    48    459    439      0
    48    466    438      0
    48    470    434      0
    48    474    429      0
    49    414    464      0
    49    416    464      0
    49    418    467      0
    49    420    474      0
    49    419    476      0
    49    417    477      0
    49    413    478      0
    49    411    476      0
    49    411    468      0
    49    414    464      0
    50    432    485      0
    50    437    486      0
    50    442    490      0
    50    443    494      0
    50    441    498      0
    50    436    501      0
    50    431    501      0
    50    427    496      0
    50    427    489      0
    50    432    485      0
    51     66    500      0
    51     68    501      0
    51     69    504      0
    51     66    506      0
    51     62    505      0
    51     62    501      0
    51     66    500      0
