1  13  234.525
2  285  25835.7
3  10  117.569
4  17  195.234
5  162  13963.2
6  11  134.703
7  14  253.826
8  13  231.451
9  9  79.8242
10  10  65.7246
11  16  347.232
12  12  210.859
13  10  69.5287
14  10  73.7578
15  8  31.3926
16  14  215.093
17  10  113.484
18  17  401.139
19  24  773.582
20  132  7851.29
21  66  5097.62
22  7  21.9336
23  8  31.2578
24  14  341.381
25  82  4315.28
26  8  9.23438
27  8  42.6797
28  11  297.895
29  14  320.207
30  11  216.942
31  15  208.301
32  18  685.01
33  13  194.389
34  8  15.7812
35  22  342.648
36  9  98.1484
37  8  20.1304
38  42  1884.5
39  9  44.1985
40  13  177.758
41  9  51.1328
42  18  549.465
43  8  48.6797
44  19  704.863
45  31  1103.91
46  14  275.535
47  32  1752.48
48  13  124.453
49  26  1065.23
50  9  33.125
